35583323
23526307
39125460
84019117
23152467
48053652
36624325
34714601
45787304
37002576
76139972
31547803
42239499
40641757
20112737
52530118
71090958
66490180
48339017
20187973
53437157
71439763
69191925
32391899
585318
79800772
20113910
77113224
19963265
62632559
39499696
51706334
21866047
30313531
29313095
63869707
53364509
77081158
32240020
68922204
58729687
43235428
44823728
28915965
74549182
36511042
25451192
581711
67019672
34507459
32947718
49074485
25221869
22867432
37800721
58801549
41869197
61210392
46739670
78520416
30295674
45930511
29176414
38354097
51491750
73110740
39121547
83959289
39262152
20398704
57629639
80189506
235745
20881699
19199634
74770802
61928994
34604493
32260081
30045623
43499467
56411030
35717378
31639428
31687487
63501627
65872831
34910301
73229265
69542352
20129977
71952862
46046019
461891
21924294
47613481
73090180
24457578
57537858
68211459
72609684
35892073
31431558
26697411
61171793
60199466
19253872
22296329
45265602
20562147
37330595
66332570
55862964
78661430
65002819
77072442
21469140
67130040
26216745
43981500
20388047
28591154
21465652
21862308
20768564
74840940
31326299
38760776
67090873
22760994
24987435
28748660
65801503
79121244
40936582
32978534
56921192
21419130
38669801
72379831
42812581
25327420
21606049
23984791
62323190
79619450
22482990
69881868
59324538
37238294
70279215
43871137
78069684
45067695
24896721
19535848
67590608
42960222
34360204
21295834
69792140
43569146
34245795
31662984
32907931
39903873
66141051
72809379
39104521
55511894
34058736
64729230
55378953
39103306
53056276
24814265
57466655
34909402
50729023
25829294
21078537
49075144
39544484
33049872
46769660
74590844
65361896
25132637
69861729
64784938
40717058
73532986
67061450
43001269
64069970
50989755
28871841
82623264
21391920
25396768
37579648
34128705
81521072
45758364
20129351
79490893
20460016
21537655
59778815
66103433
77770891
51861337
20558804
38654607
52834384
65883190
63588032
52240032
36755826
25133017
83380737
34342578
35302999
82669267
80139099
69471748
35393351
27401808
49801132
50178302
35082599
27871888
19455642
24660746
45456048
53459159
20410412
21666403
33101275
64400484
59802530
22313030
38209110
60454626
80599454
50664602
68749483
82673307
38785437
62300670
46204102
25379698
49111274
77699422
50193739
53051207
49710518
52761565
21901832
32198396
45375980
73961891
52304668
29312700
48071635
26570525
62385329
36434363
31748376
69370832
65224694
34185145
41315611
39855243
72031301
43373414
84049207
66651051
60531490
70272118
59687651
42172110
77150167
85219222
65920863
65112510
24707857
59254022
43160036
53823747
51522319
49050188
20107686
54985818
47689529
45411859
72761020
24797436
30877053
47401504
27311144
50260841
42101059
66863046
24411894
20150090
43000894
32542078
78690885
30670929
37902275
68282939
74120109
52380196
70239354
65880918
34002525
41986534
67219116
39844101
31080454
20573004
63089124
20499535
68811667
24370143
77799157
34061520
74561135
45037347
49129285
72612279
34497220
50383006
43451483
71229109
67180956
66661465
61715717
36082027
71690849
19704102
24540255
51683437
32308575
71182068
77100441
24944695
23617448
35662056
19257380
43315155
58746094
47939699
70492879
41872740
84639274
57239622
19308470
58153211
68320146
39297196
46076992
23557316
34735815
40363089
46274490
19144011
82230327
53429446
27370262
25629430
46035826
61438082
75741876
32166501
82529227
75210984
69800227
58454964
47647095
66430280
133150
43331173
35611019
45734968
35025303
69210889
20454403
26187800
42130742
74129264
30928647
45345339
73481707
40879820
39128459
56069419
69904562
35233057
57149683
61570431
28985046
30315135
57591269
34188824
20404133
44940233
31585179
45590929
25376006
43538481
53274181
52296194
21700976
72219278
40673785
19780664
79802202
38509777
24675238
34586370
24685931
44656611
26756268
73020967
203632
22304551
72681581
36758620
27380978
37107739
60883417
24418072
31401578
29564349
28910473
34163511
59674491
82931418
42230974
65553899
39237057
21116565
27973824
56583545
47787524
34945719
25880388
52591575
69593207
27394387
33440574
56421009
23247075
50589645
31168472
34274734
39806283
81081579
47114879
65941178
81519641
34030642
35502487
24612419
48446379
21857982
19339155
31623487
80990648
34810190
74662083
78611744
203886
62248983
22636050
26039411
71219506
66939349
81120522
51623398
30462379
84291045
50122150
59010921
34606337
36774947
65219959
65480980
81659938
72711312
53427432
66020505
21676170
31260652
55383447
19803982
80230891
22762830