32949061
39257061
35234
27767044
32547687
32345398
43588594
37011216
72901681
48042043
35259136
67992903
20946780
30753705
56445729
19820645
37761976
20029987
35584777
53446131
59187527
35093908
20029452
70590295
64880828
21270227
55489425
39294880
63469206
38846411
39176255
84509218
48421647
29722050
23441062
34889438
511344
35736694
44431752
43132529
45536861
23375720
20218968
71692943
22235297
30664866
68813365
598205
22089920
69780490
24070432
64781515
55000547
69619802
27172478
69092878
70383391
38926205
61530694
21810175
45671285
21052671
20251765
19965371
67103205
54841157
41787717
24201237
77150408
72822239
39890296
71261071
38897557
55472515
37939762
56236
32976724
64743735
50333316
73661754
73161596
19566732
75290467
61636432
69240052
37768556
79339151
45389956
50918878
22736607
58532014
22375082
27815968
23738600
20701334
40289176
45795240
34040707
41928598
25053484
66662183
44692611
79669777
39168387
26294072
47561592
75800572
51039232
80811442
32597078
41258893
64461127
19834179
58793568
60302230
47371250
51491853
47662071
22761536
44014082
73166801
34874890
32987609
56814168
80889285
77281147
31799823
40379798
21144408
51971413
54973912
38256601
38986383
36848367
21254121
68720415
77131975
24295656
75112446
50949440
25335411
22291096
65580491
36406954
50278477
53009367
54864256
21435949
41159365
66231498
40522571
24540998
70429390
83220640
72660647
26158683
38364087
23453448
34855636
19682144
19929493
43095417
53279909
60638404
35581045
50808194
72799824
38609308
42037769
75240437
55483953
20022438
56804830
79732676
34360813
21773894
64731849
31589191
83032967
82230152
39791270
73055342
72884856
68431557
35213972
38720189
62563249
70319198
26480985
53324152
73459210
20097079
58391917
43992490
24599064
30081765
59902376
42015833
39019457
43806309
24871700
61193460
22871217
32614254
38220516
19682703
76469214
23790085
22622092
36329442
29391082
51375686
55817609
23645681
47259877
81703560
19559231
65211118
20078946
39641357
78309658
63139096
55519243
23644423
71649175
27748937
37989793
50608929
55480930
24089691
287435
71802823
77011741
60242173
34660786
65809107
73571085
47720640
26562353
51164175
24250197
67939816
44938138
26097869
72279733
50856713
61254391
47124355
20277102
61524941
36950637
27349710
77470852
31726243
52321288
81319499
58505936
74290107
68019569
37474279
25778448
51081874
24210306
58510130
47942179
59768475
31951429
63650000
29265906
39543262
50649700
53009216
30105869
31126224
31781808
23391106
31644265
30380000
72894552
84969111
69843765
47653275
67041018
30526639
40182146
38812834
78979410
302515
65122773
80409395
68319640
45829659
50981679
76041733
74879161
44944204
38792522
28959129
64079233
47342083
81329439
54339539
81869585
64080334
41959571
68090532
60839432
43216780
21920602
39889013
66913977
19690256
83351742
483465
46632656
53120942
38449824
19259777
58930220
43375722
72741617
25297597
66631697
40635444
82499542
39204497
64817196
38141179
83063942
65082324
24439934
61149125
83872960
45428030
58239352
32294556
50661096
20407119
76843145
39234427
63379109
47862992
57581606
28414948
25867568
139405
60825072
52787029
73693110
60707351
51114069
35950433
19035574
35152564
65003639
51632015
36828067
70139817
22255609
36486993
34861576
38336259
47101472
41129775
42732509
80380628
53846345
52288678
22454143
76609113
19915163
63860437
23988911
24622225
20016571
22327579
38975447
52993405
55934232
21126725
35451484
53849084
69549199
53169138
53957223
72450893
65649555
56317436
58693597
41748548
19655102
41185449
77071200
79901390
35201181
36364419
22730518
67310625
81614406
51279450
30289747
37794002
53549732
50116287
38631295
39220436
39626196
67959137
22435122
36121830
25553845
30132931
71049525
59256301
26860041
24948890
30450040
50623430
43605717
74840766
41806518
42767455
32547638
73660080
55357798
68021210
70410504
29620842
60373722
72700323
73790321
22530365
45300488
47075532
20063949
44730658
22346591
53065557
76392801
44837511
79851014
44065220
56239468
25300193
73056974
27762381
32969923
44277788
37975010
73046984
74149338
68590350
30017139
27415824
55531022
35438003
64889179
40938605
33340125
37909905
61689153
65659744
34772134
51561233
39088094
78692805
34760965
66092870
22255769
30144875
66182433
76383060
76753338
41751870
62366879
46000138
65007424
32630620
64090152
60278533
81149423
38652645
27423187
52422527
24902225
40296732
75184284
76622135
60751486
76062182
36080453
84349124
52378932
55866845
29309680
47922332
52201140
74981391
76782326
80139954
65702863
21824235
40314022
56296363
20213987
26677498
50645919
47551922
48932155
31935002
50917
71463044
49188524
65132451
47713136
79791653
61486558
20156767
20199331
68069132
32764224
27456266
48091124
56971541
35550711
47607344
38691974
23520653
51683297
39490574
40430053
44596606
46095903
56932452
77302625
34276076
81120927
43529170
65450471
29450791
32511770
66439534
58375584
43094131
27411216
70292384
52344411
24657928
40561110
39720144
53465693
50809092
20553231
22924892
44362821
35745768
35581404
52039583
22311354
35330416
25765015
65699658
59112553
25099628
30892768
58481675
29645579
44410273
50625128
37466531
78612332
52313377
62499283
72569416
45531498
34993880
74782560
58211212
76062313
21252919
19040898
59713379
50616790
20995720
81479369
57434715
38968435
49043062
68619940
29233947
34979617
28465266
39005243
40304773
59453603
80189970
51375240
81572327
52754495
78910416
51655987
25732680
51441967
65203332
39561788
56857639
62202166
64850468
37035078
54459995
50822967
47229915
38987263
27773887
65552887
49312495
59894098
47455872
72421141
78509420
67971241
22115780
51953587
74631212
46542042
30139686
46155577
31748215
40944812
72410172
32842657
36889510
28931901
32224942
80771164
35355355
74800988
19821553
69249241
64791627
42770187
40863196
30928803
31226478
46869143
28376793
46350903
74939870
37315027
48331962
44781441
53366351
21932558
44480948
38846422
50701281
50000446
47526896
59252993
50885793
35932353
23977634
76932140
38211687
46469334
20178372
68540283
41203819
76353138
72430118
46344051
45482755
35832520
52551260
48438802
50876522
48689898
82893629
44948516
60580896
48063457
75942113
32967078
83299405
40761592
66780731
70171576
39222854
51610093
67820466
45103759
21350683
20185575
38804125
20359668
31973787
35222360
53169142
38604132
53364033
78942226
57284584
40795068
20551229
69361297
45815808
39585199
79962168
20202609
55344552
47582917
23570468
52741513
21380542
39700004
35687694
38100689
19695318
37140488
78859453
36774492
81675094
35210706
39721950
73829087
79990362
34773731
73249802