28813845
67467489
75370689
67857789
42747211
80670466
80166861
60274074
21974938
51679809
60952862
23773468
49119527
44549013
92512216
37916139
38551811
21038035
52048197
68872339
94910105
84778863
82098098
75470140
77440051
20384430
65485877
81363796
22857810
66061898
68726328
73987296
79168655
61040795
53487028
86240985
27640302
51917152
83658409
20733558
85077559
38267885
56672564
82078576
88498570
28848215
70151556
61132858
70837568
30978632
291498
39973015
45478058
69668360
51737078
20513210
56966963
69368209
95069340
20677751
47399148
53991313
60252770
72190736
63447235
21053675
38320340
38197257
30797147
45237131
41117961
82007187
43272139
95587416
96398547
39679222
20026890
30822526
52251164
64597294
47331132
75570355
39213484
76617689
82366950
20022276
23472202
81392961
23170127
68326958
38747718
95260794
37682327
68518653
84168911
49241363
88699091
42132692
47237266
22107358
52021611
52700060
31630155
47359322
45098948
22548601
63918819
19833918
50805847
65729824
27380863
39533143
42843292
25869473
46700261
64437117
21366175
19369338
53397101
30317388
23598518
29796808
70128388
77940687
39685661
21947232
84778811
78427105
24392553
27549611
48841931
72860622
49277787
19954637
63843868
42040755
24058714
80279280
21871733
80587463
67642696
37634508
39328680
32257126
21023376
21339011
60617568
65999334
34547482
45470240
20776425
56508766
42437920
42083149
80140664
30813289
89328260
95347856
25511651
20229274
36705465
50732970
51757849
24752813
42546921
77399283
51775835
48579322
71517338
31744591
84221458
70097957
43052629
297582
21006464
49217937
84130493
29881026
28078371
70881601
83011049
83080808
72889928
24703828
72798370
41169268
23735570
69507827
19165661
25843545
21546517
94809245
46206958
72318885
23714919
44392797
71607177
48879507
38013416
46917603
27417433
74357505
80708645
70928381
55157316
45368310
43616799
71600944
22156516
62170600
27838323
33368424
35442233
75492724
29615175
27801657
36537596
72174459
70790468
43605341
92448971
72567432
36671914
53353889
33088360
85197244
29657123
29652069
60803816
27105080
52441264
78208071
71772035
77619762
20775430
52564237
86718689
45430946
64137564
62866048
23896864
31052771
32231584
47497190
21350794
68839768
49508169
20394545
40093859
40542511
40660241
70638049
46517452
76317862
62695042
66773455
26303612
75159158
45358302
42488199
41019633
32354933
28323972
67047456
58322845
36897118
48478715
23770532
29654414
33777460
32906797
78177541
22813661
24472230
37459243
34207146
44701167
83448805
90967401
27547692
52653620
26232544
44667743
53836867
50136969
26288737
43549700
24565756
19477230
45408015
85596868
25466806
52009363
78020765
56663054
27841672
21646490
85531023
48521180
77081218
24841708
50997499
44318295
24625279
31116986
20596891
136292
29718159
44498546
94988811
40663767
31858387
51800309
88139300
86869659
21294058
32740861
81259046
29849864
20216385
63863885
32940347
84557441
55287035
56724088
61837223
94442196
35674310
55677733
52614026
20137030
68660216
27051800
85497990
79351282
82757290
57327502
59477674
32376434
44393875
29368856
40631568
23296909
52078951
30679775
19149181
20937263
42337324
32789248
58491976
85987422
23581945
26587101
42968728
37872267
61423725
21963390
230053
76179808
58327227
86429602
51539426
84999018
22028291
79657979
35649678
79138877
58377568
114106
40719840
60247593
87317422
95166924
89518135
27372367
23130815
83948156
29643414
87808421
56844099
20393496
66018438
88617683
96398922
83357057
69377487
51207091
91848512
42033208
28910471
24317865
80657317
81647412
27700938
26561670
308373
71238165
52484822
60273119
23310061
55546907
80150345
45885967
90997266
82609836
46770218
77661450
23698036
31898027
22544610
50892265
35508084
52257981
34168643
34887993
83007632
48620782
32770089
66091987
41798898
59858277
58363028
43687728
85577360
78566987
66301823
72434484
34637461
30647652
79327104
43647685
60902226
29414168
80158097
49329345
39118570
86291362
66855770
32687791
293759
50678444
58330997
38477142
22170074
20412801
35662864
43281733
63767590
29706280
20698076
72283375
20401128
31834931
68831247
57719110
88967191
31978948
62723383
75380803
24317788
63857711
75402197
66181859
50547323
90858410
29386567
82188991
64242401
290110
31614062
40537081
29936251
78267411
37578262
20997198
19389575
41674230
22352969
26629300
40622402
28256062
85900069
57397269
58327335
20808697
77841176
20206680
86317004
67583312
34473495
46834504
35988377
65320665
19092752
85749575
70051834
24919866
76348445
86838184
49571165
63981946
77072219
34981709
39018664
68700258
94780946
44957219
73800760
77056806
71757152
41130023
85319603
53298659
21338772
50497627
34128709
35588387
28447311
34931967
81578266
19638197
58067123
23826050
67747919
25927978
24280604
51468940
45357063
46803894
23305997
82059761
57587747
85780585
25467940
19508368
88347949
93068550
24046963
71647253
71841145
20114501
42042057
20512368
86367272
46677499
28268326
83918322
77750150
51797845
88167815
24259779
75560842
35100284
67841235
27047637
31638785
32318842
66523073
31257032
37986477
92179830
21050793
28939825
39497453
25889597
76217205
67695048
33011005
34582035
45997111
42045332
56760802
61961647
48922626
25168320
67847560
88747335
25540251
40125245
39625689
33692716
82458296
44303057
30511481
53273948
65916375
40612369
44452413
79028162
27489318
59849064
56810209
70483106
50527648
24209000
20372512
78507764
20624544
63755106
66928331
32767519
19629572
41556289
89078403
73818123
19994883
19976522
41986811
52521638
42229685
65622621
62782773
49499689
68567754
44738157
33227466
72017976
54229778
68658826
44799917
83130129
45907138
76760367
56746808
49458898
20927207
77381231
49609549
83617291
77621435
21912328
58448612
30409045
42086996
78898451
49087683
89528069
69957935
37955236
60583553
29928907
39587995
31501987
79956834
31787423
35427401
40388019
43536988
62617610
85828066
60257064
73157079
75466874
40922053
82200932
70857214
58769587
37071810
20397028
45901906
73987262
71660510
68780628
19750624
78320729
53222897
67568259
40515239
40800684
71237620
71360428
20160080
44979944
91617742
64054780
34209045
28928703
76237480
34899566
38020360
49687222
70571405
30897498
38024011
92731661
68896691
41116841
22429619
39219034
82799312
21356183
74427605
22388017
68711459
42145102
76128063
65619278
20530245
65021475
29216846
35687362
30052547
33110308
40941913
76700811
25540214
38342682
37642412
95597270
38959089
31158644
86311440
81486177
96816946
20481039
45400853
31180164
31041403
20592379
46636183
76688312
87837962
48500848
30318814
67357578
52148349
86386917
19618053
35716394
81568386
38332251
43061028
41624410
56898337
141453
92468779
50930714
21580083
65207031
19966856
51477717
28139642
25617859
33572880
61971848
71151961
70767001
20506576
82800562
20375654
51879104
32591997
66319885
95538744
35205451
72032307
41578993
45058505
29842222
57878110
21148142
33518893
34141916
35531376
20922929
30659738
50932106
68800331
23204680
35538726
28246683
30678394
97816845
44747648
23161957
30160354
66113971
70430943
76478043
62119298
246395
49501719
67097475
31416982
44248382
114425
67668089
24765512
76737745
78307107
79579229
49624002
76567843
32158311
23715868
69829414
85380069
54138652
32163215
71727301
57792041
74216991
48597066
72202582
88718032
52545363
34003314
24099561
21051878
32742126
20557106
33640497
27651057
84338477
92377153
20635345
58502935
36148993
47450977
35776056
63387837
20293852
49257118
57893508
33507427
21472659
28070744
50773523
57079302
60402971
72374810
29740100
31268400
77016858
33612440
82356976
40177536
29687449
44944914
82246847
86690976
94926976
24774222
61554713
54258735
70239580
56783055
61612021
33687314
21996020
22483210
68702776
30948845
69567482
29423126
21003095
56699454
35064947
66057709
45299070
24483770
21147917
25871291
61519355
27980189
146878
72301353
53980045
29637682
89967509
57796901
85997841
38557961
87050901
40857236
36147852
19417846
70930475
46743120
30816820
72996817
53858956
31078945
80197589
47249888
82787042
82507026
70246835
52543543
70420214
85370981
49311337
35768055
68678193
56911728
92418066
49117647
81503594
65187281
67077006
22257174
43789055
70137461
88098736
30219062
20271016
82146822
46694104
94878263
34211903
37711330
37857658
37531919
35554794
67025072
41545226
61310632
51529072
92127973
47377795
78098969
50993229
23858988
25260234
49296946
46481772
70610808
42958725
70457607
43620939
76807235
93417839
21416442
20628611
41562959
24668842
80577186
25591781
61304864
31211569
34480841
60549394
51775556
58632582
76560247
49549352
78497357
28884220
21316466
24443902
22165667
56677089
42069625
23880852
38638190
62338606
21721418
70662031
70859658
72172874
90549580
52108272
54139882
40899729
88457443
61730966
22564019
92452600
95408854
71648715
82099494
53760356
81398832
52588559
37817477
36737871
37960195
25891328
84161699
66443970
61511706
52306309
48896969
60518087
37703880
56843355
67847671
20978157
37884024
93677794
90629527
21619388
21602057
33736811
33557603
29087744
77370050
58312950
34968700
28824956
68607576
25608502
82198066
91255
78558679
27547587
95596798
20019735
311427
32344049
52416041
88369911
79898926
69946923
49489192
35075221
31653026
32091766
30374200
52697340
88150153
42447353
54688598
22178902
62764432
27008498
82177210
46537318
38388918
42193778
67017924
50906352
45697147
24282249
94808908
58136870
27688433
82848248
39391693
80520337
30700366
23267713
29912717
21379100
67680688
46665592
92828540
35559196
64054265
92712932
24817336
40746819
85117720
33560811
43299258
52612646
49178778
31476840
34217216
32293188
56801429
34078709
20691558
34089332
80667923
78278854
27867991
70306828
72348569
44050328
65624896
37478647
87176904
87987619
51869735
82298719
84050564
23038828
44875085
76797032
77428050
67387968
43860776
82907576
71930849
97456927
27039835
44202105
19593866
28863582
70999646
20795405
71748711
69789292
47257733
22013706
48907921
57932772
49669792
60247359
26199851
66742150
81657467
48679961
77837967
88878151
50933950
36692655
89606901
64457449
44109775
89109047
25871069
20619228
29912565
83051016
46648156
82329507
77977165
24032351
22479978
24664097
72818907
44031213
46343074
38288734
31922660
30971987
89067028
89898038
68979095
48897645
92368364
32316277
44272160
20313372
47896923
68832050
39206950
37816162
60390695
77969867
27906950
34128039
70640853
21072212
41754085
93909004
38257145
72088942
27108421
21218077
48540787
69928906
22020907
82176849
20307586
79978579
67654697
38029119
86508229
35753451
80167352
88487449
42960547
50237927
35584788
39638966
93157154
43550930
86547947
26171739
67577421
76780937
41888673
80309477
65269344
62497427
90440438
61392692
84147151
36070351
20430036
54757853
39540120
44317907
23639235
71358777
58205433
29270431
32013458
80757810
19403648
24214075
45989888
22735479
51478041
58573044
61148899
33983759
83237207
70280169
30357354
70368208
41921158
82299365
80759755
44882245
37635693
94937135
73520802
97368409
42059960
57910299
42842277
76367791
56714437
26243018
40426929
76869164
42807785
88509105
97167329
38468517
27970218
41757340
39239886
39262830
62704365
29817898
19923385
29381300
70201293
53567191
66410554
35114692
48689090
73379687
81306094
58413928
19713410
24663059
97717014
94662290
73958097
87277409
25587878
27379652
79406924
60524226
19937988
78439046
83347110
94574544
22219920
75268760
35737946
32998442
36169397
82521338
22842512
56437631
50834232
57388155
28267315
61569247
44495457
35142117
63955178
61820238
92771081
42090147
40627445
58620873
20498800
87606799
51156868
91638837
46393236
85859702
77756804
61397207
52856831
28843555
43102517
71609364
39436935
29458707
58670284
68651840
92462313
32528279
39266990
91977188
32830016
37999290
20994449
24864226
63430160
52017845
77439803
35441187
35743614
29837080
53138546
31702648
22837497
23886726
58447699
44411327
42148025
31816688
89857387
94739165
72623039
28814438
37987804
31738537
40250681
40861365
20413412
31379097
19959582
75867250
80957081
26189874
95207496
24543609
24494998
92609689
19355218
48580509
20215725
33957731
35938018
79316926
44965034
98407039
64170171
35663675
40145793
24636119
22773048
53851743
86248846
84371428
46017272
86501042
60284204
53841307
69881747
30902666
21096468
408748
69736905
77571122
85300259
39977760
89401
93957629
60960520
61514960
64437400
43958876
35068281
22317156
30497252
52635664
19989335
75976956
52392981
73686868
30451420
40047745
44973636
52079224
37019316
60327352
77470708
23837618
61312631
21837279
81542295
58787155
35732940
27041068
63446907
79516937
86878217
36567184
38597958
55277064
81349964
87018095
30986498
68637276
25880289
61930572
45418695
94670910
88938287
75627199
73540086
49054047
19053796
24502881
80059691
43579379
30115233
56692823
48918200
44946729
70967134
32367537
79677523
50499070
23293387
22983339
19921005
42023291
33911336
54238089
50609194
22680944
43168760
82277595
33739727
41767789
42852413
32282972
53801505
31319565
40730066
84186991
82107462
79848087
23556664
54597155
57997670
43520173
27593556
44259120
35669878
84567646
40129483
86178546
87458681
23847891
60856924
74049218
52732944
89037159
58582977
60628696
35538334
46463693
78588468
58577004
19363618
27558605
71759072
65237963
54277671
38847608
61012390
81677281
54208798
22817358
260529
31391148
25903156
22411805
71268063
63606919
84248147
77270850
61980687
72408997
36645922
31712573
67633991
19871412
96497663
37636749
86068941
30444212
25007032
94759132
40531361
22405637
44869025
95398537
32297013
23207500
77618437
77546979
22515903
75429275
42038279
54209031
94688853
88398525
52295630
70120701
44903111
44848337
23763494
62587046
25555551
69859144
46460904
56699932
63975243
33368885
61417841
20879091
20378359
22518751
56873030
19859901
20726408
46738414
40105462
32987464
69890177
46763014
77071026
76329310
54768661
72549851
70697499
86348277
84428157
56258395
60956972
29731964
33671005
266943
22206396
33670501
52424993
30977163
27411890
91317538
34625613
67447834
23964690
20064049
80267744
24147487
22522529
58482081
27369904
31743929
23895365
63928881
23271516
91537409
26156799
23508684
33689330
21983221
94437242
71698334
86570989
40752267
30883030
48973483
58348744
23976620
40553247
94710074
44530691
32992564
19666541
51832088
44380203
38320021
56812791
54137957
68922331
26151420
41523383
20434841
28377967
22905912
86730691
40143340
22716649
28961321
77177921
83868738
32326657
67598771
32234423
66777879
39673619
25208481
74188178
35096553
27457721
19838937
85566840
38757940
58255168
26342018
154561
76358042
78726952
56870278
21854024
32999422
72861097
27678612
62930977
66170506
68724446
70770871
52371530
55807103
75452374
80590052
70057993
19535800
24851446
57728055
72871164
36633882
58240877
58219747
41520604
82487703
31248563
69228474
29893347
76026822
19149961
61812980
65349903
50821701
61612866
25487144
273436
44601789
23310300
86269130
94947466
34917628
52627126
52496679
84060407
27367814
19623450
32322819
46372305
30151580
78926982
46128587
52563757
89908988
60777497
42995483
44277263
67237094
27289822
83827110
28387212
60721565
20189862
46389135
30430576
62764176
76657464
76627565
20823320
71670696
38391831
77230499
80166942
19371606
56702641
85607994
66610804
24055168
60101908
31587178
92452246
37891342
79816905
21091339
24651787
40829165
63647109
97279454
78627504
44541393
69667258
80538870
50477263
23265273
28252744
65381601
35026917
48850043
92089180
75402843
88568736
58569096
32529145
89127860
58253585
50679590
33675651
65289971
43290036
83758213
77827864
66388377
52402638
61542501
56560174
23707444
29262411
41729704
79729534
41627658
52465748
38278646
40022384
23792759
21452159
29737651
79540247
29265464
55407042
19308473
46734556
85438440
30752953
51527269
75228242
52126914
70747229
27758556
19847918
44519829
36679405
20661976
43048809
39348208
93827822
77086951
38002253
20710707
89046970
41226832
82967191
70577148
21635978
72017873
36387813
21962198
86039251
31063104
86661100
43709689
51012733
20388807
30433892
91447431
68841887
37008382
58787705
20020211
25604094
30781593
83080471
73860154
52585284
24595706
31359976
44370217
52509834
20922589
45946864
35158236
82777437
52063015
59987651
90777315
92473234
49038027
24168741
52159771
35088384
28928380
88667719
52441047
19991129
61052821
22056201
53316955
40206892
61604599
71981562
68418272
40832018
43909670
20706428
20768779
53436868
83477310
74049238
52592137
75560472
24772336
29047127
28828942
41707196
58387812
33567279
21446954
23800302
56909150
26530641
36701802
53668865
81369028
21723616
87208440
72039083
44284989
46946854
44782882
52226591
35176210
63640234
58209603
70010106
23800196
77448517
58716798
91487807
76879271
57658156
80749195
82560809
34528360
83848757
45179487
48990216
75508395
302000
23733072
51651421
32301637
19915677
94688997
32071480
45360609
34131177
51942636
56499928
21794973
33299221
88627985
27592812
72407199
38117307
37907347
72254347
29935488
26582013
42114129
79988074
57813136
35703852
66849693
36701745
22720389
70061883
43094437
42277375
23129892
35163540
87190893
31010497
32131465
50869192
52531259
68336825
46472867
20109903
31552579
366875
62267427
133571
86358342
79569442
19925215
29598742
43968430
91029471
20234733
43739614
29037311
33549220
63610170
21692196
86377138
20677214
84049212
76837207
56718054
259570
199587
35889483
37306849
75487233
43898581
33427004
37560380
75968492
162942
26235504
39478744
51767389
53957452
73670881
40614147
28080081
79969624
51893593
92457011
33656632
35068056
33707242
40889188
38613633
41654722
41829773
97117806
350643
35277092
97018162
87288664
31659822
20122832
88079654
70188741
39549943
38680043
22717957
42991466
68368665
94858192
61967960
49817130
38448744
36216932
21494505
51873951
25508389
47317634
39501814
76148691
49451613
48756803
94268324
78498412
90760186
92209811
22756711
23571622
58590811
95328960
21524245
66956175
20681013
76719213
94226815
30830052
70770197
69477768
39554177
51805972
30038630
35217451
27370564
19909929
22197558
52592145
82880855
21096488
25919658
71467685
76128570
32231049
24871319
24420807
73329967
84468236
42818354
28377861
19271163
58608063
37716177
50764031
49091657
94950358
28087694
53222365
84878575
55946983
49348216
82858521
61167967
86321118
24110961
28300762
56959102
71637143
34549036
53387132
53197533
61267566
46739590
72102693
86040280
36859210
49381715
69777361
32332829
82139040
78598570
41742227
42217359
52347776
29813232
44892095
19848719
41711858
71137205
34141956
64122581
51750855
76579570
56907661
60580538
24556716
37850297
34621575
79958406
94618768
75497050
73796899
21866431
20265066
32770208
42819239
70391663
83197115
77499063
93787482
49317787
37237973
67768830
44038430
66419931
70620835
90367494
38484095
21646588
38087449
43000387
79769703
81319458
58301906
44994068
20023464
29834101
40729952
34571426
60607919
94376983
60381858
29210444
45888543
81372909
24685325
81481994
57843131
82888388
37570402
82521033
47380107
63847083
48885646
72158844
23509646
37925472
29410752
77899133
24889862
94509657
33675422
71427117
94418838
70639896
57937489
25526413
22016218
27472134
81307180
76658946
93649324
37684113
72397180
39499232
50900375
34566263
53168489
51888990
54249151
43741003
34532663
51866395
87067169
21445696
219602
27667266
60897494
68965864
39339148
27442751
90870811
23307530
94672023
32151217
24464951
21602166
25606125
83427171
29688945
72318323
40852511
62018363
22415742
138048
61636968
39252455
39437136
85577387
29816526
80698538
50730303
22319298
51916783
410022
61264706
39408226
43155867
50488530
60227698
84166823
24383377
51772709
82777098
56319881
70700326
20200238
84588438
90257583
73499048
79606917
85299360
23841789
40596875
87170782
50758454
25208619
43062532
85168495
19145406
29338300
20144577
86638652
29341085
70896978
78587567
22641411
65931475
76940913
23758926
44863344
32897116
87779235
48891950
44533923
87547764
37110447
67725996
31107441
294681
44469552
21554072
39268727
81207741
96347186
69187442
85940361
29527004
51765488
79388800
20380419
58081162
61287662
42982876
71347082
70899186
88597202
36111150
29589977
44788896
90398656
72668285
92310841
79808676
77756977
19531241
29080196
59646853
71727369
48964871
45943137
60240613
72788209
84209239
93158100
75597516
44700161
41940774
29415306
44581572
83317219
84129141
22530098
90307061
77032024
84827007
46526910
77610045
72401506
70280539
56869788
91807168
69568264
74448243
71406946
42212410
24142512
25230815
87407924
51908799
19584494
42136635
52198605
86270841
29280351
20723879
41019919
21941444
41529795
81281589
46762482
66777660
42758956
55717139
84806889
30779906
37644769
94396813
95607306
34511787
42658084
49078403
79500680
50287014
50825634
40446975
99177269
89187043
68687732
77197543
27453260
51721141
66974749
30208996
22182094
20634608
31950399
59008961
80110448
36477045
97207017
98386943
24600964
30001108
33119096
32324440
35977109
34967649
18980608
52052371
38025945
60056937
32210564
25917015
69467126
19642174
84340482
51690263
21016378
40618296
85870825
46750584
71239674
21572096
49218757
43009892
67544745
62002577
33071573
45818203
92427378
42818399
41677961
35209144
31057825
51014124
42809935
30820474
27031084
23990346
94928259
27720710
70020828
32083039
37568769
27649982
19015757
75507042
77311451
41740766
72307857
77491005
40154042
92019726
86258095
79307731
42038333
24650166
28051381
24465380
53342666
46367575
93098482
44248759
85546979
81198382
21413957
40469934
22810381
73489668
22130135
60851562
36859400
37501309
38387799
20342133
29407588
37650192
60977227
32682576
19140481
71267058
53677449
56792077
93588331
61112065
82279331
88918719
19745276
54508118
77778291
51768963
19147357
68157096
70839088
19571034
34504453
88168308
79479573
29646812
91386935
49073798
42053728
79429745
81212444
64105884
22920722
49092288
46751002
70868073
56667326
72471
33728796
303219
69820041
48678152
43739978
43135038
74349143
72790742
68830163
29150200
22421469
41941141
28893934
71307388
27121597
29859426
82767540
58322596
41826921
28839573
348561
49641810
82278473
79740750
52372032
60373060
62815843
72818939
23568963
43656859
73667888
27666301
85921632
80297066
71709621
35239159
20534167
19412225
37328731
70561825
24301987
49097451
48928708
44633165
36980482
33641839
78968163
28305105
77977173
92510054
47369070
19287404
23507248
71970133
85698010
36997969
45107519
83867154
68237317
85957447
93659417
18981084
76480387
89206837
62742849
51728611
52461711
31737229
79257068
42748027
22214744
69077765
45298001
70127605
38552308
42923922
49141645
61687696
22688737
95167697
71917723
77727577
30837394
45350131
84797009
86568898
44947261
73901581
77367983
91667477
69527371
23677205
31762562
86387452
23805997
35063443
52084868
40480252
43534567
60586949
70778493
80739213
53446927
83308589
77400166
94418847
79500456
56761269
52033619
82049453
43618071
42986109
28538065
76068722
76197711
23953571
45448174
19647656
37288698
79747313
86528131
60606914
28216469
58598506
83928297
83448375
87977141
52021901
34417036
31825509
51008760
40277364
19245104
44067957
86767222
26194569
34091690
43649635
24033717
33369107
40360797
46027218
19745162
67832613
58307441
52108299
77911055
24178431
30977296
19026923
35720321
33237065
19992398
45952717
91538463
88219709
47367124
70607404
46404354
56226906
36633704
30442694
19441725
47419588
88308257
40479559
32273313
23383867
52618755
88259635
20419021
82647137
53170854
35070947
27474089
53568777
44539312
79379540
33190446
38330020
226038
58508866
67857976
58257117
56858011
58727164
37865383
98596927
68908028
79488766
74967690
88107092
33859362
20379271
27862452
32191063
30006789
25272293
29259892
70497008
94503169
39573464
37469947
31867105
67790138
31450218
84748272
21985259
70001057
20514325
70966822
71261705
33663742
25647274
18999282
61277261
53832343
69819703
86928437
33209271
36276955
66958114
86757252
39337639
30850996
40617732
57148264
19273050
73949653
45367594
61366971
40152769
28130204
48689340
35685853
29865051
79489602
19328204
18984149
71859664
51846775
72741793
37982809
52170153
43168824
48297016
19780931
52587402
52298867
53900902
19955926
52440412
61561511
42009178
60671366
25141754
52373169
86667002
21218742
27757091
46484581
94077796
71529155
72181578
32692476
25580067
96917367
93207706
52260487
60777680
64319035
22301860
23807116
51887574
27767779
31015203
28179129
53657752
30679896
38584336
29817524
74958727
45975963
39480799
48880250
94648507
40108581
46823615
53920852
49159390
25252899
56526899
22552568
90646983
44081876
92238594
56841109
52537492
50929636
19353934
75388648
62597537
21100390
19323684
72557753
84127185
33533715
25598173
86440035
46474135
44412165
79686883
72821831
33090105
91368094
38019826
51970600
58227633
79470970
69778273
38546680
88979038
33392031
33417764
68665242
24451936
68469008
90519339
77838169
19901089
46723477
86699638
42088739
33657633
43010767
85947624
80037216
79307542
92758565
47420868
28899668
23149505
22194720
60764552
79441600
68720727
31217403
94567630
21851895
95277562
26550609
72862230
50587985
58238268
64164308
51371933
20490473
83037901
82129784
48974360
60520540
20457586
81295562
70372473
53416834
41969102
40449320
51975146
78487812
24050667
20195227
54348766
19729980
27012662
87457271
35214322
36877069
37688545
41567308
63450042
25539726
94468642
24639772
76708792
27609589
76427591
41752009
21776357
20870595
19098865
78758190
32363810
81241933
21461783
19188296
30978081
39360069
38778668
34082362
49967001
51647886
71710995
85177185
85557893
20497556
22178349
58969121
68942342
19565329
24840128
50638054
51628025
75887694
38602414
29821940
98007316
28293602
89196876
64142471
25241745
52454267
38738959
89108434
22901858
55578757
66845544
33462421
33540119
46483890
24225225
67706747
32199128
90616874
64363813
65765922
70889411
20040739
64157867
27662075
71709202
37745992
93397240
70678336
32334472
50944647
41733059
21669296
71727511
35539125
45827998
75601220
41196910
400648
84059144
103243
63370138
70827118
50744861
28810577
34198548
87938788
41658691
64292798
81370258
53527783
34981116
58183670
72011693
38668559
41691619
23910977
37904319
33361119
24630812
76377464
61488222
80967231
21346652
32269603
25159565
57890697
76198736
37926966
71560311
76417298
78857614
75189160
92612243
78037062
78220825
84719179
21944988
52573633
68957766
54346964
72260312
24700315
30527934
38728673
33913234
52318984
34188685
44613245
26529980
21978227
21071828
37807876
20349957
75077719
71700609
29720286
24729830
94587054
77052797
29725288
59657653
71997996
51671164
31730906
52638695
75407604
80166802
20989322
50900909
78271255
33158011
67540317
62217250
19905614
64869965
89228541
61679962
57807215
60557483
93078388
50995359
45298918
57967162
29239725
31694677
20616765
61534691
82867710
24827754
86749938
72707589
29120092
64150193
90998819
73266805
63774730
19905197
82119736
35124432
48942664
82300907
39974655
20025294
94521847
41585750
30506758
47977864
25513301
52418268
77428712
46442886
73598183
81544446
60866925
33659123
24000655
49462256
72119899
34348153
28243556
81816895
75589410
90681332
22284166
32911019
46634650
22867602
20292952
52276050
36527602
56538263
63964114
94631165
58712319
33499026
86150518
64901892
56720230
79897443
73779312
61602172
74948772
95707135
44844847
75876897
40206852
19608263
66350072
41562516
280853
88867530
79677126
85567164
42818897
66883765
69338218
26556873
52301916
44999427
27921444
84767057
85146836
75357326
42853577
72492635
52384871
78147274
42195047
52052607
76806986
77090378
74436806
27534626
19328201
43701046
79350198
32167581
66857366
75208820
59588280
43798153
41561446
85979130
86278871
19524354
21698567
91467001
50888470
36692616
83247202
25916401
71530595
82450716
66937730
45997317
50556936
43099145
33670523
49451753
92287011
51207429
20145745
33626259
43175294
82347312
22767186
21312871
24840754
50258635
23896347
53151495
67743699
23225626
80686820
34971047
68347592
51360568
36764368
35339030
31400093
82357419
43520546
60151958
85920987
32072842
23434043
24119127
82480642
34622828
19363604
38482235
69167075
71069220
84549246
71347224
19015748
65552890
52293863
26378880
30991490
37913466
76838618
87318377
45206838
31724817
65087540
29511282
68939394
79320501
41771558
22991283
27286498
56967213
20524642
57107645
92659226
86057257
35696563
71288052
79788500
35957721
58158247
40487875
34080164
36900806
40417149
24415836
86859350
70337722
50925221
80797301
20739276
22207112
39479133
23711324
79436949
54527305
23682874
92039008
48922082
36818855
76197048
37987832
31012377
90787450
31550605
81970499
79899063
45706925
40485399
50897866
71810097
29558530
75616942
52557785
20734270
40928301
27040147
58362049
32612186
24725102
73986811
27581879
20148375
73439953
52769826
60169657
31981369
34228878
71989298
70050841
41848564
68685707
56883049
48868707
21492545
58368157
75646883
52500812
82068860
21369715
96058942
84479045
33560692
33587584
72577576
93368100
81336228
93007591
77987485
91738725
92698278
72461927
38585166
19209785
51670571
37657446
66663585
94684020
78050390
19813767
22333866
75598463
58283713
70890180
76118924
81425862
52583871
84347609
231775
20073675
26218799
19570564
87247081
52778849
41761314
76789209
41178376
46547860
69968978
89697100
80157120
72279929
42951261
25946717
58654544
85300212
40867572
64931651
44724817
19029043
54578516
94920726
36768700
38239740
20789890
60830848
42898400
29544621
28240724
88447506
51016726
71460704
76158357
87176885
40057250
60444162
30145678
35660388
36298162
19906940
23991623
33308129
64398061
60232962
86120478
41730176
81469454
53921640
26201477
85477194
29420822
94568011
25894109
60628255
36407778
42982284
23507964
35472160
76357476
23251873
32151126
29676157
86908414
57617675
51618044
28139292
22952958
59677496
78408371
63773794
22698490
50938749
69829657
28330148
90500098
82507917
86179796
20483977
44006453
54246803
32630022
51666894
52315393
49366847
58101201
22589270
38411443
79728794
61314811
34122609
67660079
35492530
77207546
92702476
24518959
75291853
29646245
65370738
19307574
27094884
39260635
67615506
28875360
95616964
19670102
66042252
35743673
46454210
58174538
34500448
41898452
69861166
31820579
69937442
21479510
19356159
51419693
50941113
30472753
42398410
32093278
43174676
19290133
64108417
35486793
31299714
28843749
65426815
30427934
97519782
23312818
40638748
75497771
26258588
71480625
20899080
30974629
52580868
72599142
58095249
68691092
61661438
45880491
23519695
19644603
45338306
32375527
55487658
94667609
75697182
81553468
30016369
81526673
68683810
28969954
58658021
81280467
23927138
73771334
94748633
73719260
73428140
79176881
75099172
72092668
39540660
46247771
41699010
50578399
49590317
56904518
84989069
76541421
40889450
45236996
72842774
33470872
50836307
19455098
76697253
53898459
42158348
71461226
37490935
63931963
37623575
21282769
69952226
37719865
21537653
71189308
43518883
53996853
31933126
31811094
26993548
87717811
21302142
58608403
25169618
24917734
23293525
27559080
41820296
37721833
22119412
65889274
22776975
22077832
87497254
19551187
70262353
37850504
95807706
52588190
71166872
81267304
84118253
24545856
91768672
81488053
94720373
77360568
51974982
47269157
51753063
36796615
22442922
79848671
20985410
57208688
19052755
62728349
39593395
94357283
46483638
35725469
61161171
36738870
22535275
49629449
66758385
50997656
24001978
52254658
64275266
41890096
42329015
93606898
25282857
66673707
23020480
94488121
75417128
19819288
78867405
92489286
44334003
46477734
44248916
85817010
81272981
23275637
81272578
38327246
35219725
39028931
83528028
69007410
67009587
28948425
49687839
31775775
33433705
65217917
87887476
46842934
77478829
37288953
20555399
86398000
19985756
23961460
92787500
33972020
19282780
34494172
24422876
70899453
23434302
51664376
30143298
43108293
94611936
33612793
86137284
93028224
68890307
86149462
80029506
86880878
40660941
44526975
80318868
64446880
39662745
76688038
49207620
42194767
71768219
27391557
75147413
33908556
22375180
65189754
67606070
34867590
88747499
20806992
94387843
79447114
82367217
41790176
87316947
22551866
26409563
64415253
27375597
78398968
44996573
21838479
43300666
32138476
30608701
56920492
38580613
95188580
31947642
58448568
68940578
57336843
40778821
84259322
66859855
77259116
78707165
26331232
29233943
92087577
40632112
20695229
38446960
62723058
77157089
53217428
53567829
84308272
52396681
51187240
50990650
32011208
41957050
72183899
72881481
28821052
21660358
75199299
20999860
88068401
68831659
87046988
30053790
19906379
23173093
37951535
63067410
52449564
24665472
88558994
76049214
32037222
65754700
29342607
39594318
38289690
20105557
21269398
82187715
76757986
53996814
38645640
75508961
49093753
82798219
32621889
41528271
19163025
19576379
48817098
37902917
45450596
43587324
55507333
43132797
38197293
71469429
58461098
41070123
61370012
52159191
44673327
20310827
81353737
58047089
25843351
42179796
21726748
72244492
39975967
23905547
24256427
82668029
94434077
86259873
30799925
43880958
21558355
77207332
24168895
38320038
51358349
36687194
64051549
62922857
82127234
85298700
57279897
94438878
20514220
37661005
25835706
25466860
68689026
25614212
87638045
76511496
76932878
68637895
60157694
71580965
19160377
49530650
46841240
73831754
49107151
93938388
32299623
37109760
52341329
72230599
74117180
90999122
79148451
33583219
42917057
34997133
46517490
66653187
19566860
79607231
19922751
22357886
48941756
27771439
61490661
82208562
94518081
46411227
85796871
44944828
57297937
61163078
53334125
84097141
57478014
70087863
88747875
33060011
26188157
67824785
23514203
38758147
68368146
35329127
77017559
36928322
27911846
36737265
55378671
19873641
31319042
40559412
33663013
71207190
23086111
63480477
37851886
32379212
52082763
40876907
40072645
78250116
86260790
97186908
71831099
23645966
72022491
44373047
29257237
27607467
28345482
34473611
82007515
88518834
43128109
75422630
40667181
70967115
85797547
77837711
21190943
19127726
77207217
19027077
85247028
98996837
55067246
44709606
38778447
21142118
55548014
58258150
23009009
36617386
87668570
43054869
81262320
81437119
81281852
33908399
24754100
24594169
81537458
49523497
24436200
23576331
92097248
44877625
20274281
73730249
31619344
46314073
24267021
43714420
41107707
37719359
92688012
36767901
79419997
75068255
69867098
35468866
61550022
92512528
24248831
51653217
19313754
80269588
77917025
19981010
60311803
49033196
68833442
46844361
35648363
25512900
41738444
35510159
68940087
84586869
76018579
57797250
72192718
27781628
21296954
85260529
60731031
76637598
60980314
40483394
27380612
20354384
47440173
43863340
69850482
35117775
48890360
28951455
70709235
82346880
88987949
50437277
75188210
65217033
77249058
94026872
85547219
70559783
39737214
65309515
42129360
56307957
85261253
41821864
56958055
49028608
72188270
46771934
46763776
55498555
22322125
78218005
61613079
46849197
37724347
32343694
23965870
31619910
85986873
87277030
33808904
43631330
28069942
66153786
52519154
43878978
82951254
75147474
29395095
22776693
58248639
32691857
79531061
26457291
45087757
23307077
33720004
40197865
55507776
37580638
81037153
75399030
29986025
36650238
61201572
24042518
43276156
74317699
70879724
93607101
76508390
36049632
21452948
40851907
70888810
31116791
22017326
27831899
173508
41531556
35816715
68653956
25165165
63097384
83347198
23733140
81487468
27313709
72467621
51320505
79237000
69947875
58177425
68607675
72668646
87767770
26439041
92518992
45777268
60971536
20768611
36675105
43699919
75350313
42657533
30606878
76138527
20272452
85657161
34378938
95408047
24280910
56732966
24611584
42880817
49080788
29086882
35178537
96038718
70901164
67652915
20889392
20515024
78498226
69899066
27416862
31267717
83947407
36978773
26213098
32112341
62832644
22471428
58037063
46389226
56931880
39623282
38789125
55738307
24139734
37976104
46422422
83787801
19231611
93800283
80009331
52946824
73757640
52350151
94572712
24686790
48842685
88786969
84989085
67516591
41697826
52465831
84476867
21701216
68127462
50588472
23754673
77368298
24532378
77987584
77078626
58112539
29255651
70287172
58351810
49118354
45887066
70407232
52381985
83777196
22067994
40577081
23962950
71268530
78228319
20885404
91277375
73528193
70620317
23898767
31105943
42818471
24647277
21705957
79219605
73609729
62726011
19534270
44559720
36879884
58467226
80586911
43572083
73940135
92258785
38006317
23802004
61957075
84578441
48991102
31540212
75329710
86361817
65674472
21643007
62110220
52315162
77427303
36071143
41909567
75547184
42437257
20677450
77367738
26559014
35791716
28427317
48951873
70847947
94418822
26199212
76867289
27333698
20255867
76560349
58534040
23403724
21523695
29340800
20394087
56738657
45489151
46717287
19402746
23498789
79927828
46421886
63701042
71149887
32239305
86320464
41897169
94807620
55517892
47508505
55997113
46797350
19720166
68674870
71949169
92630159
19147713
94682133
31836994
81310481
32876811
54017119
28547483
68428767
83166826
82777743
64053256
37673514
46718002
74436989
24213340
85489887
70128136
53940259
57861257
19885454
73651591
24386431
38588307
37710699
26217306
81476820
20286362
30459434
46588122
40446842
60857182
50367362
61768421
35289261
63589221
32099218
49634409
53288186
76458473
80107241
45899097
21462511
50894909
72327300
72627043
27073453
33109711
24442359
43946620
24241480
66128643
29647257
29423076
53791988
52164381
95167219
60883970
33566179
62944451
52007420
83697962
49580223
26167662
23562300
38528847
35821379
84309160
56762810
65457905
86956934
77122151
92428791
39530370
45890858
35558753
30411450
41239854
32383966
62036949
25602505
37151698
20616367
20795798
39147655
25916958
91976996
25595166
92240790
22260339
33913545
21489110
56740724
30163876
87989347
86730253
69286893
26628915
23452245
24224162
28348665
45916318
81037241
92209304
51420844
43909095
92697752
90929236
53851454
33680256
79640220
22213101
94016973
58857401
22946151
71077898
40617963
44805413
75267665
65813910
43836062
44649252
93187493
28265795
45891934
50677084
84138785
86471476
51718449
24520968
91837581
76277818
78108406
49654177
51651081
29948887
51864293
76307418
22340515
65414436
27050139
44747483
23082369
72788987
72897052
29503794
81303056
53761189
76777295
71928755
71809608
88598027
22265818
79359403
70433131
85310521
74327216
77559903
36749942
23021876
68812681
30618596
80500189
63631240
50819791
60772878
22124865
50983774
35128255
79327685
24303732
78477700
26418639
125922
50910875
76727296
84727844
64235162
80777088
65599243
46701763
43651900
44926237
85719222
19067983
32372891
49052585
20755799
42448689
70098979
92189791
72407152
25557224
21496042
48858806
92589235
40160273
72820473
73336963
39489465
90018754
55748119
51011659
88659548
36807405
43015093
78878596
26229459
72660112
39408647
63618571
92610886
46357291
46399656
27576803
29762318
40338879
86717329
40117265
93927811
81439535
20468391
55457232
33917554
78217096
20535292
49046904
34868632
70020449
45207791
44377216
31510917
34100463
22961027
39202233
30358839
54906989
39238169
32578683
37517476
61647278
43729402
27972421
20160175
71579130
83436931
27289391
46558698
22327827
52502275
84617766
20589625
37217263
78287084
23609694
24050068
19312680
63617884
45915886
71590493
51411468
55837036
89257517
31070097
29157482
45922980
21970241
78847093
36712931
72632543
91898650
74018404
31137513
66672504
39650610
23418043
52703124
87101133
75376986
51763766
33081189
51999238
54607579
90298699
84838394
42629213
30659828
26267733
30981653
59688442
30512394
44946568
39356857
76470784
90027265
51808973
62706709
24917202
26253247
92687910
41696985
85338047
71237845
63479742
61771162
310549
60047757
68880354
34967635
83298061
29853160
84588412
19426564
28179681
92781435
88630126
67682315
23274376
75697538
25847556
27604119
35317187
71460413
40697015
38377654
56893985
43627118
82187137
44644932
58670474
38642943
82456927
24480966
35072892
52008447
65867239
72437197
35710676
28347601
75361314
53547247
46654948
72418925
28567698
22562221
35198607
19306971
19385864
81309859
30990433
70607076
24878282
81303665
58748286
42855909
60008588
35098814
76387467
80148056
20336729
94719535
52683666
29607905
56477174
61518973
61957468
94559593
62126958
55707996
47877872
78537202
30209172
48648671
32731055
24542669
37537260
26421798
20622308
23643886
46410216
48276812
72858083
44287843
46508885
32150685
25240013
79990084
58132924
408441
34582070
73840137
29455803
19214332
41660610
70711593
95200308
41088693
23309546
72797135
42850244
35501463
53077176
46549958
39208115
92360743
31220532
92532110
24232962
94728502
42069116
24382203
30862629
29839525
23021706
21171606
37316833
90847984
19109127
75310784
68397758
50783455
39605809
32375320
28936311
87799064
27673619
86461146
60887584
19352881
73977939
25273299
77407747
31850301
37867540
91037126
91016903
73618964
81325668
51968544
35857047
62700976
63993011
19105788
95997885
49609932
25809098
91968213
80260300
72187873
23766095
49080435
33961918
70651505
21875352
67287325
20516747
94473972
29900937
35195885
61882346
20709690
31992581
73470372
60741494
43739285
30720098
80508356
78260134
66672514
92268273
21040643
45931504
90417849
60852284
20799511
44693459
20894998
58828916
60921208
90728682
24251093
30677995
19271215
63460172
21934874
52344246
48922978
64292041
40010337
69377062
86159525
20102487
21584238
21033854
51430619
91367275
79838228
38545983
65082
88016970
27568173
49653412
50821447
41543227
31770251
76548819
36960316
30802332
25828567
38359431
62769091
96048249
66212323
19539652
35155632
61121443
79658930
95087317
36670545
56789389
60260390
77551805
37161484
71321704
44847337
92138088
71618530
74207471
21573986
71609974
41878962
79890535
61842692
33877158
54137746
80700598
29087081
21381842
60713953
51511603
22851739
42196085
42251591
46279813
64878227
28344092
53970184
67821357
42845854
86211161
29433191
28707087
63985439
21697581
39515314
85821527
48017118
81227269
57992382
89717251
71171895
19424035
24901566
92647183
81467128
28859377
41888847
28305275
72281138
50892858
24043422
32700317
62337330
22081164
32325630
30859436
30238347
87001312
78516871
91856998
20351435
61162967
64757112
42797839
34139934
73940121
44551681
46309654
75369314
31161240
70618564
20870850
52618449
41681373
23634719
53167914
50118389
54199505
90138768
44660849
20446614
19565944
43989066
39686919
32192475
23491648
49614548
34927073
43041286
70317776
80069816
42861901
64213254
57647865
29259282
24217763
77827271
44336415
68766611
41529665
60723947
44333910
23538245
22949195
71570044
85670985
61262264
20544046
79156881
42923155
53597422
68805042
20860149
79787234
71889039
38532516
43682861
37438977
22722086
42218270
72121723
78797046
43900227
35478900
57760910
91277526
82808387
76689838
82587846
44692803
52335607
75488225
27986276
60288115
43092833
84376865
52673369
94678936
35114179
90560834
30482065
56506969
72322320
23976843
75549538
51346
49271553
71499032
49599039
50740498
27998313
72537413
38542018
87008133
68664344
70781672
32528134
22539631
51648112
65137374
19743983
82469486
81392390
52478460
93977195
91248629
24393186
64212771
61958040
50984953
57748229
64105714
34929251
97217090
77489949
21022120
52143500
27303711
19359438
53352099
31748654
25826600
37757978
36357434
82257079
39508370
81238935
68909447
61564244
86589290
60560661
38668456
72249194
25585547
21472333
58663283
33487528
77008178
26258102
71638994
68807581
79647721
85820194
19933577
68716745
78387558
21833329
31957846
21473231
32942388
58173051
50957617
31271194
95500793
46457881
72230616
71346829
22669109
41037480
43834524
22429446
19565497
43971815
76848179
50666883
87558002
47250981
43780742
21140798
96357243
22697982
70050737
20910476
25572059
70780526
38518513
51829243
46807136
67691292
149131
81459217
42489094
70619065
29528484
43683322
59887557
72907487
21873248
38362236
19221707
38532188
71758837
58251862
79239672
31568198
19611259
79341268
68279229
35808398
62618283
59547978
23107763
75656988
72462783
70486968
20763409
29147743
19423098
67646372
77629075
19840302
57882513
31737715
47886937
92138936
27668256
82627940
19324359
44306037
63747863
33401988
75548208
51977582
38747799
73847786
93317963
52263911
50795779
27657280
42907585
44018844
70318297
34589580
23758547
69851532
31833333
71657063
39994725
52502322
63520171
85419316
62647665
50579370
36088187
19526277
49277642
75898341
61424379
30853009
38605235
61238413
80619333
53938092
79167683
82848358
84191489
90236883
19329414
79849624
31660352
21650467
25956339
57997522
52269718
23378513
93207787
32767457
26547821
33160740
60852279
95377808
77311288
51875333
24685047
58367097
92782851
43281381
45786768
63478142
87628866
44723334
38360093
36200525
25915901
85428388
44747169
86660201
22152365
89688577
76707294
93156820
60222373
59487025
32226304
74358413
62725301
49652224
52678745
28924009
64125705
87157999
73459776
44039842
24666150
66976294
82150878
33952158
55406901
69848315
34553156
46488224
57779826
83377839
76538737
70357685
43520531
70028035
63518810
24282487
24911075
96227147
92731631
79227900
26255338
27514728
71510731
95837910
45450494
70810510
60592827
43212269
50812010
91948379
76748833
72127235
78018548
56660144
33527566
33177818
76628421
23431288
90767745
20686648
49187098
61740526
43160601
87597005
19123380
44638383
20971914
76470828
38310918
44703775
52081583
33098398
37793630
54686939
83157337
34131157
79240024
78021142
52410047
85678868
19811327
58621699
27693111
57397544
65480934
61508108
61217686
95289504
44003913
76717032
73876929
62022001
33658674
73949096
43565483
76078449
62961280
35701155
90258868
37071235
50954045
65504009
27918856
49231189
88997876
37965100
30499343
81440674
30862784
43967846
49158181
20893982
41653532
38458908
82189190
71247406
48729901
68936621
83936855
36129641
52778784
94752887
88568247
24471425
64433028
80159068
33726817
72220389
20731060
29497526
68678186
32490033
49456968
25876432
56206849
52049708
33525084
23183173
31866497
51743828
73918463
52449395
34534672
21746348
50771052
51368860
73797984
20361964
25535379
82947163
21814357
37057758
86629888
19237368
26260177
73911028
29107766
71461148
73928001
19751606
87508634
93788273
89637510
43875107
34610693
20010011
42831367
25868962
51468011
88549916
90747136
78637746
95477671
22919476
23812981
48047010
81484131
58162265
65714713
73868917
20254165
23422577
77447160
92167534
70980444
24128088
43108664
80508144
44068356
44738493
22623666
42266837
26510705
34478613
22198376
84407184
76208312
40136753
20569397
71181490
20404495
61981637
37781003
40741873
34161889
66018044
38738585
70670317
80680052
36987050
88547126
44467542
43821030
85587683
19538932
41637431
32628513
86911376
71299637
34971120
62896784
94808820
29827882
52288443
73787482
40210755
79728816
65784443
52366465
67847883
91049900
43935400
23870086
84098422
91156976
76397183
19758615
41694610
78637201
71279735
29808534
29385905
60953998
22774061
43249069
32273414
28351759
30991908
58279743
41240138
35794925
46736317
25191353
43710259
60887219
78367350
81402313
20427424
37308462
75927912
29481455
19652884
72581398
75390782
40644760
84220497
51770573
69949073
60507235
72516809
53412187
113541
23769807
67760689
91167683
91077099
65437147
80230558
21481438
67636338
81308574
33431116
38307164
77086806
50769095
19236575
82238969
52199102
39018276
58867590
50992488
20604136
77850447
57737496
45448817
42737580
52749292
92686966
62754534
32540222
36377538
84788586
68681777
29382773
70270174
56997007
71279439
25565693
39616148
71081841
23474799
84311112
37763163
62763257
30003682
71237616
19810859
20950580
65567071
43531901
57960905
80610038
19277299
64388642
33027065
60641881
39327532
94418722
46660530
94007658
52361350
60694538
20726746
82757202
24607789
44790471
49578169
65913336
27281587
78240638
43567632
70349494
75339006
46660800
37697090
45789592
20798857
22916230
37538861
55326834
82247452
39604705
22001252
63934189
248646
24392722
84667162
64136905
81401630
73718943
53617785
63899603
69457860
27382894
45617686
45076846
43900415
25263473
87048883
41642272
23185945
46706996
43137349
19617002
24688537
25220594
28077607
56693721
48916002
94729945
70699051
71907875
36662593
22183424
20151407
370077
32867376
61499217
73236807
31738151
39616227
58727324
34152107
64128506
91100196
55487598
61094031
81968585
36796911
88288331
19338177
57120
47370516
51870827
23248184
33661988
72596927
79240167
31644147
58107083
31633560
52354488
27975587
39575505
31866510
32139234
40869577
46380489
21427887
40005738
61327142
53136846
94877755
24753959
76631387
42389699
31297900
43973752
57798715
22326738
56277543
80187191
52748780
27901450
70551587
82958957
71291282
94397117
70481305
76147530
35542241
72248393
36067893
68286795
70910853
87009904
79410809
95499469
77018801
68437599
28069585
31766959
54907023
53873045
38603032
40448673
80239218
67821559
42221309
31690660
19441226
20139087
86230628
43172558
73948744
23830748
73256882
71167634
77160483
72372455
44099281
56871156
39947536
43934533
32642425
74997500
46878657
56409893
81212802
36181104
20246018
52243995
63843201
25602053
59907238
41600361
79556837
49620029
82609882
35192175
38798889
47258180
30401934
70519544
75227983
58908662
78537478
27638119
65027774
22069633
20208973
37922589
76480633
76957450
37812638
60702013
75447667
38022912
40522720
359188
76669078
89097869
51879233
20965722
50557099
53219284
26220756
24206198
39654096
85897596
27370334
50609659
63701202
97418605
20675069
43561498
33028102
20425173
67758763
23098446
21212545
55438037
40589569
29908270
32969030
71997662
85609188
90900216
51854510
45843020
43187839
19399182
97367361
58424498
52775684
32802588
57741544
55817188
23725535
24486170
76719328
84149985
59869209
87927192
30534760
32732132
20593191
52271123
40554484
62857056
89898622
26288923
20977938
89837999
58231424
77670615
52725225
37672604
31759340
37791399
81471458
37774337
77760486
37947832
36787631
41819547
19450560
34287853
70809358
20060176
22144017
57828779
63850984
46865498
19105540
37308047
71428830
92447243
31211924
69326822
22353211
82539079
44658170
24763601
22351570
60820394
19638493
19586414
54300154
22136362
52937083
65774836
44522238
60328071
40119633
34595092
51688462
77790086
28369560
36774380
53870047
72320853
20058056
20967572
72078539
61748557
48661128
94808676
39508529
94128196
52580730
48941083
60703883
30083930
32737254
84748910
83070988
29551997
49308725
22704119
42028784
35672685
360980
50597363
20002922
78429068
30133027
38248177
70096893
82597630
52764181
71907292
38603895
66239627
93147404
88808176
94887883
53388933
44892756
25211122
33542115
79448736
19040063
24585731
70999015
24045073
36767314
35368604
84898313
92608218
25819381
31804163
34500363
70011286
68930905
46327005
19968030
44501234
39539369
27613841
48766825
221933
59488224
44097300
41581464
80386832
33817434
31961271
25147034
56916915
67008
33554199
79676988
33510151
49177669
38858723
85427635
23306920
57798272
84271897
44028714
21886718
34936955
37791493
87169918
66967813
41521173
42118232
51838905
44522527
19481550
71191483
68670307
70757461
62965455
76581013
80169150
58492428
25248940
58999541
71849803
69258362
90477816
71420454
70401155
30373157
37654342
51978491
93397533
79381223
54360181
32738106
70769060
19924755
37258527
46569464
27059104
29411823
58001251
47378557
92521042
44408032
44217236
75511134
36119137
80068799
62777606
30880136
66323510
35170966
50973973
52070690
39552262
93947273
81197010
24763972
87157084
42819140
49074255
76529879
93477115
80089806
74897781
79858821
50860342
77341462
66869649
46227078
20321093
31948854
96099093
79649070
24566987
22541546
71191222
33511969
36179668
29027663
85309012
71169743
57607645
92418619
19135853
27445461
57638039
69880231
19719470
46702820
38625660
23536044
30025713
95300991
39529333
23908322
50357206
71511249
79447229
60987075
38545577
86871467
21108360
22249728
77617765
60641260
68773371
64024292
81399203
69006986
26598967
23640836
57477186
72598628
31239681
31661088
52437733
33688798
24001658
24063804
59838948
49482554
32031411
93597173
69217025
84747323
98597002
39988257
90659672
39656611
70920827
68690764
20845615
19774567
72728909
29929111
34020322
38127505
20952079
54147116
86091506
77348218
26621973
19706705
52052251
21503912
92797051
20815530
37684693
37031337
75626944
38988143
35552161
76017633
61972056
58374769
27576834
22745184
58240129
69952049
72559969
88737092
71917739
48659129
44304794
49460002
19969092
35550881
71866797
20380358
39299787
25808136
72460338
24335160
49578564
33493942
74148999
22838826
79188192
38501748
79269336
92340458
88337795
35663420
43565741
97017510
77207206
27532560
82098908
43921912
31744665
27080131
20090551
52452679
58260843
61109452
80257874
48680057
28048554
39420278
61153716
30011701
73509469
94701707
27993745
41859269
61634481
48870181
33629405
79220213
66993126
69487551
36656767
88198846
23025786
21404574
27439763
52369615
71547913
70552546
30667699
72207713
77051375
27864138
35114806
84137272
30049615
72271919
43117811
79480616
42519471
92090682
87738115
32203075
28897607
28948910
45961152
31328792
35761615
19620174
21861636
24677787
23880959
64106517
84848924
78737025
48527827
35081311
48037906
78318127
46637973
19854728
58686845
21966620
45329079
30032264
21529921
71930649
80297599
58388194
75440969
44122262
39983330
20725711
63902113
44460277
32166973
19268087
22494471
68909749
19148289
77540773
53198851
79840356
56657979
76580014
51982626
71151930
77801387
47247105
29687837
43229123
27396238
75530909
78627507
48551045
77631223
43187639
79830238
39553846
66912305
48637821
57228603
35000676
88706965
43903726
28198793
32179894
36140509
70931831
71276882
41018579
65257008
62840862
69837560
45955897
25236937
20815612
85986874
39548271
33511825
58397154
30581085
44385063
44931429
65944132
61571151
79819225
26580948
79359673
24288601
34562945
95108100
48962314
21737613
25944640
76429313
31990363
61461342
36683823
52580166
72567542
67793963
46516917
85877965
91107550
28360846
94663861
68780850
42842988
22212007
63499367
70990403
96087166
42993867
27348558
62378426
35068178
23407717
93047856
75538809
25614900
44578232
40687253
46840097
21933643
37841592
24213622
66533761
56950579
72301772
36150267
82469505
22649727
70597329
77646964
45717544
31026524
61376830
52174035
71922268
64436998
43829794
73921787
71782146
73951429
47369759
26286848
79867866
84361624
61617655
61137418
79570520
43568884
89947086
70721528
29899562
82589436
60908180
44384947
83668147
24680377
42118607
49623281
44594175
46330879
37895430
25237576
79177197
46665173
67630515
40547717
35297041
27329785
71048270
43716102
70359033
23138470
58601547
29563804
24215423
77207218
24032034
31541069
48067034
70187675
22093074
57980646
94699295
86461177
26927311
30739588
90717436
56949459
53311005
46463187
35751090
85507986
79291041
46309125
91468435
27747997
56909029
35839900
32548900
72158743
66813964
19616486
82430935
20673107
20005070
23873573
44371584
80437756
88857644
19390901
40157003
51809649
73097066
42964925
92631954
65426836
55987306
30138326
96388307
40123556
69186996
56800580
62959656
22722868
33507527
73329878
79828027
48994827
77430994
25509152
27301815
31221383
53359274
22302553
73967904
36177765
46364867
88399695
22216794
58466979
25233773
56671721
255699
84278219
46717845
32740851
36898454
82408650
90818399
37729465
70966937
44346758
93658009
52548145
84386827
20102267
35651737
23380763
34957233
39392716
22589223
41577404
48627556
40051767
22613925
22387115
52213796
91977129
24590428
90429267
22333691
42917288
93708763
20240585
39536450
39358463
33939494
73518272
49650097
79500615
29732467
71178754
44698278
22537166
311542
42287241
77619437
40467458
78508525
43964340
67467336
55827050
94573074
83736835
69728274
52698075
20822376
32332765
33670371
56628317
90938078
78250873
58203000
29416395
44974318
24467772
27884888
40347291
44640279
89788821
44901123
30716876
40808151
32238199
36797875
37990732
37955499
87679074
70659218
66126627
89658710
33549447
37797878
21724498
22499256
95029237
44991940
46798113
79241383
69851641
35427377
27390873
35810005
20837422
32014693
44842697
19462161
90730920
70508182
25171289
69157337
80637666
33612262
77766995
82899721
61049261
57759097
51740065
68937603
20783150
20604582
65819860
24392443
52571121
94647452
81568736
71867125
71719958
76467802
62357019
42243357
57247104
53167816
87519142
34141749
67744794
31231556
30442227
37619096
29924183
50786055
86058122
85710251
24479621
77259365
87757746
32633297
50834519
24344004
32006297
43631665
88017423
77890097
33913157
48944884
87477371
86071461
31062502
27413386
85387975
19402102
23365569
51018526
19381951
43108580
48017128
29069150
32113639
50348505
72397051
21178395
89998700
43991101
86099666
20803311
36851134
76479215
35481478
32289201
44582255
82767701
50861830
71519246
61287249
76309067
23260925
71321533
19266753
77510010
53288606
29614719
30669868
31168237
40330714
69970008
63830884
38471225
50941283
32840345
38097691
91638895
67727090
25503994
48903861
25854013
48347047
31794882
20459056
70400199
23673870
60607784
39506613
53218720
74007163
30398186
71981805
69809028
76897264
19315048
96677280
95667030
90406893
51694245
313938
73987476
75158198
20253697
31890781
42944527
39489523
84628564
46745776
68726149
29914295
42201274
22249017
42807222
61660743
22750053
60250139
34848151
39279663
41572428
86358059
74957271
97618990
20166156
83100076
24223113
58668531
84139078
24687372
75412155
77898574
46909373
54328453
43849119
86559101
52467020
86491086
42193171
19906731
34972218
53790786
31202392
22760443
19774789
62458515
19073857
44560145
71359681
30217844
52211143
87197548
22090636
43254675
56781524
70427016
21521993
32283028
85211475
33217102
45892208
79790239
85797040
30678006
43261726
79969292
20432409
82531280
20201058
25287180
79759505
61578728
78030429
67821026
75502967
76098309
29403213
23821540
86271113
20750990
22606768
64108212
81380741
78269536
61248528
26927142
40173277
70472653
52428488
92307185
70352640
22842017
29407351
37946223
52528981
73898036
61217602
40681061
73509797
84308739
33068227
54149722
43561406
53377827
21315741
92549319
40490938
29725984
55257354
43977450
68249041
49129328
26457936
86217952
330535
21804504
24167650
30966683
67107556
35438604
46823280
44503060
40387935
81607321
24597717
83878092
40077038
95360849
46508332
21288540
31300173
83159198
19435517
29378858
19458442
61161126
84878513
71277866
93427854
78238440
58557089
82490511
43718596
58570514
23855768
52231733
48567198
27688169
38037092
44816801
80749251
83328555
46837122
86510234
58249071
42254997
47279171
95788015
53906840
71281336
29565194
82327101
44219906
60138593
35484234
25195224
312564
90410578
39597433
44259134
24721153
39650965
25976990
24403822
71448870
58591185
48959712
55668324
83088705
32098879
88217347
44543811
58306830
70376912
85739122
76039676
19689702
82309914
93737504
78368255
19949416
42738246
23317753
48984997
38646380
39538269
95127500
20722771
20615066
22050929
48863865
48737989
47487530
68838623
31005916
78170292
72318638
27791631
71968569
28878425
75018395
46187699
77558737
68087604
52724445
53332546
44191582
40349355
80580851
49717141
45377934
38588842
53388952
43707687
38357700
58411245
30337570
21134248
25529810
84017917
87078387
51764284
21407896
23506315
65560718
22892962
35132536
52412084
47308878
41857081
73851010
52421809
81564691
95478810
20862579
31742098
57269933
91678823
44027898
38519895
70711670
39987185
76178051
32730217
19132036
79857602
26677322
62186913
66923691
24383037
45891910
43675513
38496321
81416467
27921052
57446872
52762224
61488033
51418949
53930337
78528009
51825013
29599525
75487707
54798274
92487703
83478263
27995780
92619928
66544115
36077482
28233701
19658999
19742280
86907662
24670390
42686926
60660158
53507268
97057621
21591445
19617281
21117281
90077676
46399126
21500009
86387217
75428224
23699269
31338578
92583282
96257786
72110209
30711182
41828226
34611426
42817437
19023146
62747220
78507511
62632630
65887659
64359399
93478248
45812386
41978699
51748016
58887672
31829496
19262116
51842774
76709641
50118428
58562937
67813137
35218914
60842013
48950151
63559137
69037861
51932361
38492966
32640399
33636762
50416932
85438843
35549137
24550829
67575438
92709272
27051633
97607268
34910442
23523601
19148065
19372474
56537836
43552580
38827408
46494197
72452793
40811406
95597663
89047088
20707787
51696222
40175006
34139620
38648603
19798867
29503970
35552569
41079389
50771267
35888930
30121975
21855762
93436863
72670781
71446967
88209835
81257551
24768193
24650855
23035028
53179215
51339659
62198180
93910102
19270803
24157656
34120369
78167526
85790275
50969410
23587504
85469779
37287015
88968400
65864850
57779011
39286990
19405751
23128353
62610560
66098923
78118099
46709547
87838145
70738988
36557013
30580792
25906778
44988456
33558702
60559693
71587597
58877363
22242381
31702997
28313213
37828340
67584269
24470478
87238275
90818324
92469284
52576948
30798121
85208280
86718165
22200711
29434993
35454433
94087691
82477041
49622447
25898466
94773260
29301409
35427594
61958989
29442695
66928189
20723505
51831279
88288483
25160167
246406
19828671
71378994
66846849
46808641
61627449
70401894
62398495
42097900
65973165
64255135
71040130
34638490
85380933
90519382
84598722
34122122
50800077
50469493
28322913
38369435
61739169
53807997
50617035
80236945
28077257
84207540
61719757
66053133
31619056
80357641
81282639
71388442
84117645
75291032
71171345
42138519
68780424
20391817
38627010
50847657
46727658
81237847
19982095
42618286
81867095
60670288
92877798
68742672
25495336
51207192
87017043
25588719
32787685
20614883
47408812
35782592
34522678
64068244
41642887
21474844
70422476
68902029
70351792
88737539
96657050
55446945
23741406
72142568
95359573
43654598
39238290
71909017
85420705
98707531
24438246
80349115
93717257
19307796
19797502
65862812
44969149
39417674
78230413
20825843
20615506
68298368
82347100
76570331
71782297
94742706
53396813
64229583
52351237
58442313
51981870
34197090
68944022
79167184
43163626
66833164
82620271
44796184
29057127
74047713
84111473
24401626
67046559
29731376
46745882
61601362
77407786
56338554
33796820
20526847
53251481
20092044
40766831
88776969
30768442
46732785
79407116
44782816
42045011
22202573
82427256
23838392
29391761
58699272
22456277
70878178
78688102
37929535
22620716
72109909
75958087
33433037
53880985
54248935
19580969
38518431
78898379
19183234
55677492
81371794
33817363
68726257
42223358
79270398
71470444
41718757
95199233
220200
50925106
27873294
86590952
76067588
20166843
20316380
41529625
77801283
42239284
41996798
72687858
56987322
29606523
95587421
29927690
22484505
87887184
30001301
20148809
36969486
81428599
39987584
19984650
32840994
21587193
36258564
24518980
92009369
30375975
27426840
86757486
87558952
19834069
71926874
22933777
32890659
66156719
52329205
35691067
75419862
22633235
91037590
29615189
27101553
92298162
92087676
70322779
33519145
34578828
35802676
70128120
53823045
95290188
79820469
21131912
53900756
79359524
35289243
25817902
19354305
37864547
81547605
50737604
81355266
85620788
19893611
27377257
49690544
41987598
23225631
80549149
43909972
31098340
48902207
72587736
33539516
86810657
94781983
85491056
22396259
21374143
82900367
29412193
43189793
22706349
52339569
57298886
60402156
58291117
94639863
64087203
29323052
22949783
86638370
82698510
60867356
37672749
93970157
81239063
20486988
21460624
60121365
43807604
19917325
65237879
52224525
79649187
81969808
40852270
76647323
42979848
21873010
50752433
22462327
27573243
65541157
35152361
32617295
146642
95529038
77811022
58208216
23295612
64180534
60618745
70727090
76797533
40103205
38298665
81422209
26637361
23201696
49669736
31001118
95678019
78239324
37448108
40950216
33497401
20295089
41695042
58978659
90177992
32229376
75409709
21468684
85877557
58877531
30237365
92349642
85678966
44090377
44212350
44257237
24673755
51935575
86387031
34242057
95126962
33008998
52779682
37934760
20812271
52097564
52717305
24362451
24588271
62886427
88331351
47259200
93706946
34207584
68831723
55628290
19515704
97958897
46377872
31736491
81527801
18990983
60936818
35237522
76871044
31722468
60682071
88147395
54278681
22443342
77727300
52581853
170807
43166878
43115063
22708923
22210979
44888523
36750673
30455835
85618527
41564439
21522262
82787352
31919335
51027582
28332046
46330357
33680522
41878406
74287361
19901335
66695437
78147539
62527061
60256827
78177994
49886796
51733731
26517725
90776929
71397200
52504216
76208469
68906230
52410530
20289092
71068082
21910278
33554141
82607290
80229902
92681919
68756394
76537575
40219127
81336981
89537102
44128885
72180450
92197830
22823036
73828835
82927227
20993504
72298117
40009555
58085205
23745879
49261406
78529161
78548474
61108129
34991563
45439188
58168941
74428917
40584660
44880531
27008433
41620462
20132511
28974891
33007594
67004690
50786771
46671580
65037716
31753472
40174290
50770303
30431856
76266965
40300545
71310397
97348618
67760224
19031125
78696858
44522328
64018647
24377413
43747393
28219448
81490391
45149648
63820038
28956859
68359384
75817645
20628201
39312568
31377910
34079642
52570323
42278671
60748507
89066899
82397023
71197243
52636067
60582576
72414358
69007193
20476714
43837428
56954257
79469471
62916240
35732072
86020823
44780296
42808040
21592652
58222671
54557723
43818684
93997295
21266744
79238300
72370937
86938926
72896917
93377651
80157992
81554763
19168526
32488988
33382920
90078293
41860120
40601132
21149622
44846998
78717378
49127783
32353467
88418847
31720813
67810700
35574172
44736946
74088183
39469408
24804638
61230082
33949757
68820467
28302503
20697014
66807842
30011131
44975752
68705261
45949595
60580880
91628085
52724921
50168877
65448014
92977742
50860968
56249829
36388125
19154887
20362817
51944418
46748632
23769033
23630396
81312640
66286655
66424187
26550765
79411578
39476442
21883719
79017644
19615279
27680116
51813690
27126884
84677088
44877718
27505794
30687921
67027929
34288696
23454167
96786909
60693483
46681488
20496982
33943207
44354432
81978753
23112439
67490497
24475192
61111281
83337281
78290622
72141003
43288524
72782895
43910408
42865177
97206918
62800802
24936799
78220390
81998529
72560996
47489098
72721727
43602459
42141784
24279462
50768928
61053853
66963136
66072329
20125077
56300268
39956924
79419533
31562908
63578710
73399541
58006978
21689165
39459862
50942164
48909565
22233952
88277640
57289635
52897724
69916988
86349496
75530902
92628830
81326358
38306961
52260201
33511775
90619244
73066825
47376912
22800970
48988924
39547302
83566913
24413794
19078829
38637262
70302273
33500583
58122872
22300212
61645392
22575396
45841419
20279065
92287034
25477032
24918630
93976868
37676708
43843915
77010851
49601926
76551418
73439530
37100561
22106923
56712419
30976694
52604509
33680799
48851717
36669005
41592191
70750553
43208647
35219325
60623351
86909549
58448573
19736712
374706
32718943
42158932
28372849
21280586
55378055
19933519
21641307
80058605
79480786
28019836
30790275
34623959
75926975
80047931
46657796
76257929
80339273
20488988
32622296
92147316
35801141
25876049
43518440
51338920
33829254
86697351
85749823
94728765
37050702
90759310
76397206
33583643
97847557
51914110
95137088
36407086
20944529
68671169
46413757
49151335
32723039
20908924
34170832
60821390
25154280
79067307
33827395
70101772
93368575
22311160
34201844
43182626
52063549
58634001
86268729
29977036
37430225
41108771
48851689
23602564
87718175
63519091
21589668
58939834
36367407
29924118
35702968
79328334
46017436
88167931
29935417
61277141
51843524
74318207
71176815
74057857
67634344
71687463
61148292
22120810
54010109
64557335
44468612
189907
44112568
21821335
45317018
61091365
73550964
92118149
65196918
34615296
57724287
39259805
75386859
65859375
38612551
68921530
73411170
20052421
86457119
81379170
27618178
52423557
24752720
29266001
58121
70671198
46208098
37623609
56927599
94782716
19343408
35568993
70271379
49417091
58918887
29444586
87617076
93789349
65839482
38387927
21799109
57960482
20918740
61919920
79920698
75617146
25594354
95597001
42032901
38570002
80957101
61750951
85968193
85339070
58117071
32772560
86120958
37178827
86667592
85267132
44002489
62576916
25853937
89317841
80006920
30948373
76709340
30360616
24760595
91577098
53298267
38301926
357235
53787659
23550364
89277893
19827440
49592175
39599356
23702927
19714994
49210700
33928165
60232295
63954068
43032135
54688829
71460412
42077214
24046831
67595826
38575515
79808062
43040744
71797910
23972871
84019514
21071287
42839387
59837159
40669141
43427164
27760746
84549788
21671475
84488789
73611157
40117979
41770799
76439459
27749574
52431757
56883962
37765313
24516616
31767119
31819580
33893186
75609844
34582279
25565968
52704081
51758321
94007597
22385915
95028220
86631076
26349918
75647038
85838172
66391459
77308758
45320697
25234530
43115217
67827464
50926476
36031059
63468703
52389805
19871739
52321033
70201507
86259242
20720630
44588133
21344366
43040355
44150375
82747592
56017613
79470054
35501429
85227051
43306871
19293173
94548112
45963179
61189176
48917254
98707547
195161
85420799
36689368
93877707
57618223
78250493
51704300
89257605
79377880
21006058
67049839
20356021
22689921
54618236
76716866
26528171
39302864
84037481
44893589
37997231
77726951
31920342
88649443
30421733
51789049
72187036
69781565
93138514
29884204
95616881
55247476
52476456
46743143
39240036
86841232
71491264
81231287
76510516
65964167
44922594
81417829
43570257
61430342
89107460
29208393
42022921
70409859
24246218
84849118
28548192
78009896
52352304
72726977
53836879
92499150
79227565
39569915
93458336
27412723
67630177
82786920
78508663
53217788
45308095
84788511
42145473
51930991
77827180
89457962
46377089
44220137
19985243
39198554
62716002
35775068
88249579
19254309
21859018
21697255
45882112
222131
21362315
29651377
23889264
70532178
53638409
52362720
96017023
39645094
51900105
47017143
57771101
83070453
60622654
42852698
97887799
73559161
55438562
94807845
57929539
37734333
23617150
43211681
36040138
53327603
74019874
40104130
77840981
44569709
82639221
19018796
67727260
90387109
24224964
80570207
40116435
33680143
33650576
66487493
113353
69896986
20278025
46664337
56931801
24613650
76369068
44818010
31567425
52637819
27028351
53248666
41789043
87897634
40150330
37941180
69819351
36668811
78029973
82817590
86986946
80518500
49106803
93498426
29205856
58567019
29503771
91160842
81374261
88017012
88668628
80797357
83247680
62370122
52081690
35506830
34241715
56732699
19526550
35917751
21997570
75617089
37431173
84629469
37539658
58627602
61114005
21654660
58662527
19828000
62847449
30906982
80016891
33676408
21146625
40706920
73917955
42047806
32279104
84131796
92647536
95509453
72293981
36129735
27177241
42637487
22804659
50228158
73481356
60814410
90757964
72323296
46367950
51659472
19273590
22547949
20556698
35554522
45169691
58726809
52141672
42194914
70027427
27669832
56540285
52209042
19745801
77079667
33368824
21901225
41528490
37810736
43219487
35929454
91547785
19835259
79687927
31866285
75548244
79719180
28321251
70949823
42118863
84237605
94780187
25173957
30033524
38472527
65349704
20058843
78687663
46827528
67298122
92562512
73461447
73871556
44348530
66765971
23685516
21894578
24306338
55306840
90477390
64177044
65359551
66419654
70659472
63307021
46329713
67535303
55648133
89976959
58603161
48945208
36760771
76580074
19684114
35078046
46897560
62735424
67028226
51780513
35153679
61058347
90711789
52638024
62259106
88657399
20375392
62458733
37775287
70979028
30640318
62890307
70027658
37864089
78816805
88017516
48991349
42758800
44556822
72451381
56259780
43907898
84967069
35228502
67846526
92670923
46296933
27935038
23529667
22296272
44620449
48976973
22480611
77187159
31952651
19130634
68429451
31360705
43143291
33877325
37988537
90156945
64991120
79401089
70517319
43994671
48963735
75559921
52733458
92439449
67579636
97217302
92377214
78137766
30840716
21077679
82321019
34538281
65598691
22991491
55548579
71217164
86130336
82328884
38489069
85481532
71149613
50744209
97547330
21966858
68842607
33688451
23540346
81097171
42019301
86168620
76578176
46852437
57972535
51478679
42035255
68568759
85027313
52657398
21764753
25199454
25911478
19765296
54007768
21578131
78527093
315775
44131606
76671233
19676805
39209192
77977414
52051185
58230136
50367822
46027610
28957966
71797757
77490434
45861485
35531285
68976594
37037851
19190523
65167950
20572539
80636915
49713935
95587659
44834047
88079297
90968772
63689545
22044859
42953094
72434422
21068019
80109666
26226895
40572181
21434200
56741505
61326973
34618739
57438339
54847261
82250964
76169184
45866818
29327045
62622982
69808769
86011163
30953711
23533222
28362797
81233492
92157152
57039967
76287186
42053417
24066180
83357079
77517481
77132127
37985776
66935989
38520761
55578040
28827673
35197554
23674955
41987172
23441499
35685141
40039621
78478915
21784256
51568303
43634348
25617084
76449274
36807586
24367482
61267305
67528305
81591331
81261539
66160892
78320791
29234355
48889560
62824489
42988640
22834045
60373602
84977491
19179871
34008590
25486120
23851828
71968341
40527400
90658221
48930803
58318783
76909863
66217871
70730284
75128786
81255645
29256125
25537813
79570946
49388798
48711184
63430187
52600168
61558900
20393951
84668424
23327009
42189288
50138670
21236553
21783332
70482341
52017289
59007147
43796799
61078075
23424295
97186811
36258675
76817064
55037139
66104769
35636973
35818413
252245
73718752
94927155
75737518
36986902
64301350
54798031
52018155
31569225
28842768
21041066
69657
75838146
29621669
77238242
84301506
23533834
72926861
79299657
52329228
32972043
50823111
58366887
30452619
49028131
39615790
94551874
72567429
41595203
42187368
23803565
73571327
32226581
24005334
93857242
27738975
31357787
38418269
24293809
60398140
64081943
20002115
92720172
97898427
85967601
20270900
49660494
40357605
34288927
91278210
20544823
70312872
39211204
49279361
70522999
19745101
85496964
53930156
26439578
34518605
65448951
94491574
39573203
41968834
86978033
82701144
84359619
55427186
39201723
30812646
82347134
23452532
36268472
33596338
67801752
24680699
81469554
37141051
73968210
72600172
65265714
72160846
81443736
44829561
51910394
76017933
25601738
36958279
20244714
94958392
23407196
43759789
89398492
26254759
33430421
73950083
44422168
151835
79187974
34218228
79371466
76911113
47410243
96967079
27831454
60308994
50238639
69797436
30506172
25839872
62815063
68685876
32292246
92583062
68398717
24540067
26411425
84018167
19647448
40671798
83378540
44997061
43202763
34530707
27119
32101764
61242186
25178828
45835062
43943277
39309264
81322866
69768074
76878954
79360773
20949040
68177271
48862629
59807226
82918153
44365647
78040008
72442008
27847437
27656493
79827112
24756688
95267166
29555715
36969223
22795159
51931280
84038009
42234616
20243212
28496825
43886577
38527878
32192257
85727852
44038922
79677432
94682819
78648055
66997040
52341649
60867147
41747909
60289719
87027355
21986795
68961446
20784011
53387843
44890461
22470239
23637693
70879358
21516192
36048115
23039976
23536978
49540048
22631310
27404639
22688378
94418241
54229449
78907683
36069912
48647787
26192600
51407552
46842875
61324269
22884460
90508491
71179337
35576856
19918416
22539613
20775071
42348361
91398506
81456382
82168355
25955600
94677058
98387014
19675316
77038227
85928010
37471175
89467799
41669127
70120833
58160865
87121484
81513433
81504252
63545292
53742942
87597211
46628215
19048618
38652302
71171742
52274206
32848162
28147434
75178312
24653218
30238641
20487829
49471037
67857432
23797722
46738540
35180797
81352645
82519206
44478037
60922496
39411254
19501901
62170147
51972463
19358334
52375558
38420592
52442629
38187248
76850754
25478638
29371713
83977413
39168110
52447048
25243197
31587505
52320368
61559115
32336592
94481020
47439959
66423694
27687848
58422893
52294475
86170660
71861618
81472659
73657583
20425530
33089021
61033863
25248381
23404448
19391893
52770903
91127272
92258309
39301713
62298517
85290417
92613041
89798441
58787737
24237213
39484257
36507246
27445486
48719297
66206524
61879155
51370647
86377572
26998080
71250476
35124350
55618250
43033438
67769648
27280682
26411311
78050886
38600508
44988991
28893066
88767729
38597301
82379329
38547343
20055344
80687326
87996809
51859557
51531789
75948475
52682185
58697787
44569571
25860715
78997139
57828330
85346928
92717038
75502805
81558601
58809528
27687076
40177627
77279432
26461063
73527722
46569368
72652899
42986244
52274252
22929911
34533659
81374664
86099558
40891694
93197759
86518182
27970578
75668785
61546946
27604393
54658595
70510232
57227225
83387474
64103875
43891558
62787875
52597415
20007563
34612015
37901294
50983565
62703874
44405730
51773381
38577858
29597559
30152258
42518775
29505236
60964548
82649319
93689379
25597373
21057720
64328218
30610696
30829155
53468941
25935254
52141089
23516504
34997895
27438373
66440981
62138103
40016427
81241827
30667584
75579472
58727001
32803342
21837912
71478059
23394079
52689795
42846152
27067108
41630275
23398266
53190472
19945835
43912013
80279463
72550278
72502023
29010001
31948498
55857731
62855646
58356901
22944687
80078446
29640633
67717633
28802973
46655404
85177002
86350908
66746919
90451716
24561714
21941999
64937281
91927276
32020861
31007413
33664752
34062541
59978324
92697358
28567736
24589393
24443868
85920878
37703457
41562736
80410761
21647073
42204005
37419394
20902048
20994424
25175508
87478494
26256983
70696808
37872387
43557274
29296633
19851668
77677525
68945261
92467355
40997812
88157737
46017155
78796824
32940490
43557707
74388229
60442817
41809519
49009446
22615626
35287910
70830427
53507115
75997108
56793061
35290541
34096803
35550011
90438830
44269520
72517704
64249053
27543855
36948646
51451401
21554389
88480423
65236942
23845514
44249620
40907068
21392326
26619000
27007466
68954950
33651680
31368209
35319624
78327667
24371844
84837939
28379262
19867418
81591448
25222486
66757186
43972317
68567965
21803627
53807355
56743519
64029893
47400977
84318748
87077652
23736710
26897196
29254362
62825002
30719548
43134058
92326879
41851441
91049718
73307070
82767186
19946935
37539124
57209410
35590036
33433385
84467628
95087015
62016963
51015695
95500757
22758078
38282293
56761496
20060967
61700371
66752363
42963762
70377208
30637286
48730606
83628158
55366940
49427071
51721403
50499033
31496867
73390271
28033257
41218223
21584188
57749649
59408047
161043
83097271
43743548
32619857
22451644
72700101
24418631
33347720
77000476
77538854
61970852
50447208
73600101
75568351
50978360
83206873
91079541
47917934
84726887
29695294
37711838
54838191
33589277
79220217
74268377
80068511
40098428
66885913
62026809
39190633
53617854
97817401
31378818
79978121
85378730
22144706
65077247
97547198
29388507
70037660
72040690
86589200
62946614
53191687
92779912
33530146
62851440
78287845
83110652
33583888
41899194
68729458
76297003
34463698
33652982
34027537
35524584
76987903
23318559
88360056
30079256
51805962
69697848
28031122
23500594
86078218
19306032
22437772
35648007
51547496
63470424
84848641
57749966
58597864
41736887
88479676
68638332
66103501
49589108
29021171
40530213
51887755
28907314
42478770
52659694
93977071
27085005
78657594
33563467
22871197
24248603
40779120
45087008
35378686
75678478
34457471
30979829
19793127
79558452
93858025
34337689
68936274
24760076
75146829
71697114
42169209
44684597
77450604
24643106
51765095
51307606
71896850
80107961
39605108
46365109
57248008
44378008
19580509
43212436
71387984
80658257
20061456
76970038
35530286
51981921
76952018
77587649
29861751
78457949
56538280
47457113
36692608
64766818
61728970
84477919
22581531
35693854
24561079
87917007
71638516
43907955
49024344
44905928
92157417
72080611
26501050
33972129
36727730
73921193
44340621
26241974
94418082
77310401
95167069
71078284
41584317
83518675
94740092
70528966
56117800
78201205
53268212
50955833
95167279
32851597
92168496
21674314
85187296
19322959
66801420
89908804
54278033
43002369
21160367
54077007
68768067
37166887
80668546
50926540
85911251
49557485
92632181
62735615
69796804
49667702
91477938
65598555
20227065
60632603
94484558
33534426
70339786
25601481
50825290
90609444
53237142
56784704
51628228
95329062
85250817
19701497
44688939
85330946
20889866
41753302
37970729
70990973
19171078
20460754
96777805
44939235
41848868
83896981
84448951
85617933
34580359
34231829
39411771
67629283
38020520
39971967
51983009
35062641
56628709
74197806
27818934
33639082
28836088
85871656
58351653
20790997
77678349
21595022
79287746
38647306
70708886
21932184
63379295
76717581
70737465
29687947
77130840
70648649
23665293
20517555
86387247
39287357
19477543
22965190
77420997
27452776
19095731
37639162
34008173
62813997
36537174
65313987
28140990
39563653
27362238
20203603
84308579
81229110
61442630
77587221
26907240
65599109
81967391
43605915
39471094
32629740
45287377
81566821
43872187
64383679
45797980
25871882
87141116
34932193
19353602
59427772
83159492
50567476
40940627
49926967
62827536
78877626
43784290
38402820
43047153
94026921
88250015
24306809
75501699
28026134
91617062
32181725
19170355
51727155
35779243
67577593
63418653
95707026
77080935
21917478
37538180
86868807
33403903
95988372
52449207
21671321
35707975
81391248
44056904
26157798
46835813
27329079
30958412
61063051
24093873
66917489
67866890
29854305
42077265
70507289
37996700
44493342
40741166
30970820
60067752
20645217
97607449
43743959
76637870
87297092
88868491
19116259
34162289
35113744
83129437
60687090
33278484
23721624
42965015
25227145
32360310
82840537
74158162
39391238
56538081
27990154
21310349
31698815
52003435
90007674
33280144
79077537
41596295
19019346
20803505
32242223
60980934
23743089
28008859
83307726
22855523
70552247
39500218
93288365
44738739
52764087
21758243
39392144
44128406
85168052
76989282
20164116
60173640
50307514
45948935
69941718
24667809
47390091
27727028
57918587
76659762
86301002
41518804
46771130
62776227
45785592
48964868
19127033
27381727
65216907
20499233
30376404
94580377
64140901
90748589
32244951
90650627
75460621
77157126
20854898
38017409
62769572
51700146
92406828
32001377
42668526
27551126
29099488
40922049
38603412
90188818
50346882
41779649
70531497
87208211
35459636
32246656
46875375
210934
52442660
60377031
19145918
27909960
83466798
22937620
19911309
94397185
39479098
21500780
85710931
94387954
36676256
39238675
20827073
46792222
58683709
35140609
40064314
80197309
71368722
34509175
44132531
19458226
22655098
48529708
29662534
34524298
24589100
36867020
44449697
37488173
39437122
73929424
94671188
22446999
93177627
64871677
20646899
78518323
85708404
72613028
42277736
39716937
66056548
33626671
70961904
94514451
70809330
19847540
37752773
26234800
79826795
33511495
54728187
95397619
60208838
44784950
35748608
70820885
23946757
82417694
44948928
44432206
51759659
19045782
32819701
82429123
56450369
68682479
71989319
76238955
52252783
88248170
27608135
33436864
75568175
87297826
44463729
370675
57740266
92590192
61018277
52679386
32648478
22676054
23574854
89837476
52256217
49269820
37077216
79359635
30504597
68319424
31666808
26169198
74428255
27321171
22518023
80018364
98067719
51021287
66964296
78507695
65875625
21859241
21810864
35145761
51390708
43980097
66080208
92317660
79220681
81296615
24230997
22157026
51903081
27507295
25833706
58453401
87257204
49083611
37640663
32558729
50976689
72088341
43734219
76299564
83089788
90287893
60799789
75610395
70269551
64153886
45781379
84468680
53841747
57637458
29621308
58522588
21095225
29876174
35540997
27283516
20728101
26348917
24136796
76760099
82078962
25261826
36030606
51380162
90970355
72091214
57820814
33219899
69829330
75357447
69138412
72849109
24446510
73588825
96416903
29759888
88161386
31044920
52474834
31071305
95278394
56616976
72311032
52428170
80728358
43568421
27327026
19111304
21298838
77050711
48346944
44249119
60241778
66384099
43920285
66417985
30399283
20578817
26441573
50935155
19689615
86189441
392458
41605814
72799458
33728761
53758494
96668258
39289615
49664019
21054334
77060808
43569456
82619849
50876565
21278793
31250865
25169648
43632601
74337625
67750783
44303908
89178730
27777399
59358180
72867020
21979274
76517924
40842593
25214177
92050292
51897212
22571968
67661265
41640680
93630554
52221944
27442546
43922060
26422001
53869399
44813863
40673742
46438150
23074753
20104768
61928245
27484161
94007264
42851891
92758180
52232799
74049920
43184439
379860
21459430
52680791
44060257
21204646
38349302
20699161
70130246
61450089
21474032
26299556
80189552
44407484
36899976
77120996
32351864
72399246
382525
21322883
41755545
29222271
31559741
32868312
35708142
32488707
32468683
60390814
78777386
25919773
93890577
41758034
37702465
70021761
38878918
93867195
26569079
53578984
74207159
28179134
54066846
60449236
71337903
70332280
64991558
46218340
28963123
86638049
81578597
36869160
80207466
71840431
23835629
24613266
43039253
33492261
53840212
19692815
23336264
26499497
85818473
73877728
24222414
74447883
33737493
60260425
52512328
29945291
83517569
67837268
36774050
43960648
89607366
92167950
72234187
25187781
20062121
63480083
70489728
46778759
35118264
27956847
35277288
37887090
77828546
72897563
42971765
42915340
71719823
85368332
78279464
60380526
20631607
195477
24607570
23768866
49623240
35790532
71877292
25862310
42059190
48913416
52030971
82027028
60808704
55688644
77368874
44654329
42507048
92888052
74416971
21095470
34222637
97588949
37746091
52079184
25957374
69969941
70139112
79517342
46714233
77497640
36848921
27628008
19140962
52423712
23841015
20061740
39530787
34590161
74328198
27956506
76469475
24359382
46801128
66378560
59254
34930811
47280442
19164643
82310995
26294753
24265295
28246338
35075975
24150305
56854057
73890443
20953487
67257400
76587686
53379718
76288620
32347690
44664589
62000773
71539257
29615051
51886455
25966888
77868757
44748003
38307887
78159099
19390118
52167311
30054321
85898875
73441009
20124711
43720826
66883171
34611380
51997875
38321658
21800359
93977087
52294487
40045257
63479331
43593789
86711000
77530018
27979394
63359495
46367975
52504835
43054771
53618865
81167072
51871692
44711874
34112649
21374079
20515372
77850121
60152410
45998024
41703620
35803109
22283103
26390914
90288611
23767350
19306283
43124331
19732850
60437505
46862245
31811966
22246089
75537338
61460586
73761577
36947284
59728886
24382815
85796860
82297311
24634893
65455086
43980366
19178208
96288994
85751486
35223758
37590008
19521841
85330210
77129323
36715518
58097856
70219237
25267187
32988983
92639225
74947368
75957451
52387084
21395234
52167736
37649875
57959780
25813187
58343221
24851728
91067789
86128080
23995692
46438105
23413367
39203303
71947360
39459713
77680110
32210757
90939755
60689058
51709181
91669
84877955
31856545
79578491
86410015
37741107
58530959
82640271
28040433
72741424
49197899
77370826
43294062
77471622
87817384
39536283
34466202
74060183
29554244
52515760
80410292
90839916
78998277
65929914
74048506
29684639
81553305
40848714
71971978
56773911
65316942
22633991
38417287
65246909
44611753
43861471
61778954
24442990
65226883
76477579
77037240
20448295
89698788
55418401
96356986
29261996
80378239
77051242
19705416
56818156
52264602
50217490
53677141
53139869
28019667
60803682
81325938
36899357
31748023
23763659
24537038
52357654
61497070
54076989
93098334
22636052
38548323
80149233
70870074
41030115
19460762
24230413
63959422
86470165
20457843
52277015
19081960
83717151
20583238
94752998
92337411
32386695
75097830
38622045
37029147
24615177
58308879
25900088
90698078
66806830
31711211
24239329
44377322
29682510
32892736
76406798
41077357
90490049
32621298
94967508
39572691
85908077
94417523
27471265
67857708
71147271
29830661
56226848
69507969
43186128
86507529
33369456
38420995
30479759
97217216
84796968
71760314
85199623
94980366
94017032
60741657
31097584
70051310
30366758
82037499
20043766
72501487
67736809
40440512
45794036
86560360
42165214
52183664
81197174
90501512
24398784
37157163
71607258
24391439
40023645
70930585
52180130
77967626
57744011
35755733
58611833
60931908
36767804
76416797
41532396
19812789
29855402
23037141
30455982
43001059
32284761
52524315
23634041
44290802
35564572
27407888
24348734
75489872
81979799
31222063
43148612
31079429
31765300
21985447
83167398
23651131
41641684
71959773
63697120
28359685
91518567
90460124
61508450
25512131
44908242
85980005
44604481
19701013
33923643
35078912
20344671
28327111
78107666
23706240
68076866
91467178
24432898
71221015
37277473
24589883
82970720
82738631
79577090
29158623
61493957
27625021
94558568
34171437
28814855
82939208
30681324
96857683
35181112
41528681
65787564
81433077
64239667
27058424
40129149
84448762
74187736
62019802
23772476
33248991
26499593
37589259
19726181
45478774
19607843
87877002
87197231
20990104
68673480
81234397
43005853
58571217
40073944
79620793
87658765
53302873
23731839
392063
76078163
26607217
52456334
69527502
20936442
76540537
51761394
29885353
44838088
44447788
24481403
19118108
76667725
61658711
61370696
85721563
77388128
42953211
62008748
61612939
60518481
49661810
57336822
22713462
94717424
50308684
64951728
20031456
19264430
27768904
27410152
65765689
19179681
90797723
72627939
23918476
83118579
60831638
27666087
52602162
82566802
80477502
84038127
72717039
39972476
70280693
50328797
38510777
67570869
29313713
76619893
71660971
26916957
62696167
89217735
27033022
22791413
82127420
27289295
23593727
85471383
83698409
35451842
31051564
35077053
65197076
93928727
77227622
53777747
68478850
98406957
19905574
43145299
65469927
37510643
51764647
35428372
44312761
81338264
50597314
43759222
44590931
72570962
89678030
29403381
52272158
25618609
88669584
51021536
45968634
37862356
49461438
40513980
24121840
81298012
97138110
93848985
30729362
51973448
70661725
28898041
46729239
51019881
52517930
37327611
24921112
50177278
86418331
64827174
197998
64084150
64307417
57918930
26116970
46037152
76789665
61008318
37897824
19669482
64028784
58908530
19427808
56847980
41697672
25823758
77497767
79279105
95568966
71431069
52583448
82909545
40908234
79769205
64238344
25959126
75392071
51877842
57169318
28686884
23409254
70008827
46437010
73416829
31994669
58242303
86101790
35567592
67519729
23752318
25171610
23765728
37814231
69916838
45943962
24264456
35592695
74388164
81637291
69717546
81554778
32832590
22663229